10011111011111001011111001100100110001110000100100000000111011100100111100011110101110011000101000000101111011010110100010110001
00011101101001011000010110101101101110111010111000011000101011000100011100111110111001000101011111010111011110101000111000111100
01100101110111001010010101000111000000010111011101100100101110100011001101000011100010010001111111110000011100110111010100110101
11000010110001010010100000110010010001001011000101010000011101110111100010011010100010010000010111101011011110011000101011110010
11100011001011111011010000011010111101100111101111111110100110100010011101011001110100111000100010001111101110110110001000010011
11010101010001100001001100100101001101100011100010110010101000101001000011111001000010011110001011000011001100100000101110101111
10100100111100010110000011010010011000101111000010110111010001100100111001111100011011110001011001000110010110101011110010001000
01011101000110001110000101000000010101110011011001010001110111001011000101001010011000101100011110100111010010000100011111110101
00111000001110000010000100101110100110100001111100110111001000011001100100101100111100011011001111100110001010101010010110010000
11001110101001001100011000100111000101011100011110100010010101010101010100110010010011011111101100011011111000010001001000001100
00001000101100001101101011100101101110100001101000011100011101001000000010101111001010100001111001011011000110000001001111101110
11100001001101101100001101110010100001010000110011101101011001001011010101000100110110001111100101011011001001010000001011011011
11100110111100101111011000111111110010001110001001001100101001110001100010011001100101100101000010101010000100111010101010010100
01001011101010110110101001000011111110101001110100001110010000001000001101011110110011001111110000110100100001011111101010100111
01001100010101110011011101101010010010010110000001101000010011001100111010111001101011011110101100001001011010000101100011000010
10010101110101110010110011001110011100000001111101100000011111001111011010101011011011010101001000110010011101011000001011100001
10000110000110111100100000010110100011101010001000101100101101100011110111010010111001111010000000010000011110110111101110100100
01010110101111010000111110110011000110101101000101011111011011101100010100010000011001110100011001101011011010100100100001100111
00110100001110111001100100110000111011010110110100000100100110101101001111011110110110000110010100111000011000100110111100101100
01101101101001100000111110000100110111110000111111011110110000100000000000111001011001110001000101100100010111111111100010100011
10011011111111100110000001001000110100001011001011100101111110100010011101000001011011111101000110010111111111000111000011000100
11101101011111011010111101100111101001110111011100100101010000110111111110110001110001110100010010110111101000110101001000011010
00111001100001110110100001001100011000100001101100111010100100000001011000100100100011111111101110000011101011100001100110000101
10100011001110000110010001010111010010011000110101100010100001001100111111100110010001101111101111000000110010010010011011111000
11001010011110000101101001111011011110010011111010111111110101101010010100100111110101101111001011000001010100101111100111001110
00100110010001010110001010110101101000001001011111000101100101011011001010111110111001001110111110101001111110001001110011110101
01101111100101100000001000011110000111111000001010011000010110001110000101101010001010101000001001110010101111101111011101001110
11001010111010001101011010100010110001001010000011000001100110001101101110101100111101110100111110011100011110000010001001001011
01001000010000000111110100011010011111011011001100110010111101110001101001000010110101011000100110010110110100100000011000010111
10110101111001001110000111110000011111110111011101100011011101101001101001111100100010000011110010111001110100101110110100011101
10111100110110010110101101111010100111010011010010010100000000101110100011111001001000100100011111101001000111111111100010110101
00011000000010110110000101111001011100110011001001010000100000101010110110011111111111101011001001000111110001011010010010111001
00110110111001001100000010110001000001010100010001101011100101000110111100010011110001111010110101010101101101011111111010111011
11111110110000110000110000001111110010011001010000111000111010001000001111010001100101010111100101010010001000001111101000000001
00010111001010100001100110001001101011010111011101100001011100100011000001011000010111100000001100110010010011000000011111111011
01000000000000101110000000100000100001100111111001101101000001001100100110001000000001111011010010010011010101100010011110011110
00000001111001010111011100011101000000010100100111111001110010101111000010101010110111100110100000110011000100111111110100000101
01011001111001111011011110110100001011011111011010110000100010001011010110100111101011111101101101000011100000110000100101010010
00110100110000001100010001110011111101011000010101110111011001101011010110000100010011111111111010001110011010110011100001011110
11110010101000010010001100111111010000010000111100101111100111010011010111010111010000110010101010111011000100101001110111110101
00010000100001010001110010101001110110111000110101000011001000101011011110011001111110100001000111101001100110010000011100001111
11001111100110101001100111110010101101110110000100001000111011011001110000010010101001101001000001111111110010010010111100110011
11010011010110101011111101110111101000011111000011110000011010100101000001011000111001011001110100000100000001010000101101000000
01101110011110100110001010000011101111011100001000101010010001110111110001100000011111101010001110101011111001000101000110100010
11010011101010010110011010010111000100100101001101110110110100000101101010001011111001101000111111011001010110000011101010101011
00110000101101000101100001100001100011111011001111011011100110101001001100101101111010011000010101010101011100101101010000100000
10000011101001000101010001010111011000010100010001011111110100101110010111101100111110100100101101001100101111100111101000100100
00100101000000110101001100110111001000000000111100011100011010000111010111010100000010011111101000010010010011110100011101101100
00111100011011100110011101000010000101100000010101000010101101000010011100110100110010010110110101001111110001101110000010111100
01100101000011000010101011100111101001011100100110100110110111101110110011011000011100000010010001110101010001100011001110110010
00111010110001011101001011110000110100000100001100100111000110101110100011100101000011111100100011000011110011010001110001101110
01001011001101010011010010101001011001011110011101100001000011110010101000000000010001101100101100001010110100011111000001100111
11100011101000111010100001110001111010010110001010010110110111101011101000010100111101011001000110001110101101101000010111001001
00010100011110101000111101110011110001000100110110010111011011100100010100000101001011101101011010011101001111101111101010001111
10000101010000101110111000101000110011010101110110011011101000101110101110101000111000000000000001011111101011000011000100000110
01001010111010010011101111001001100000111001101111001010100110011111001011010001101001110010000001010111011100010010001100011000
00001010011111101101101010110100001001110010000011000000000100111001001100000000010111101110101111001111001101001010011100010100
01010110100011011000111010001111111100111001001100011011111111001110111000010011010111110000010010011001100011010011101001111001
11100100001110100111110101011100110111011100011011100111010000001101011010010000001000000010010111011000101101100001000010001110
01011000101000101101011100100000001011111100101110101010110001010110101011101000101110101011101111111011010111011001010011101000
00110101001100100011010011111000000101010101100101010101100011000001000110101000100110010111111110101110001001010010100010000000
11001011000001011101110100100110100100110110001111101010111110111000001100011000111101100110011101110000001001111111000001110000
00110010011100011100011001101111011001010101000100000011101100011010100001101101101110111000110000011110001110110010010001011110
11000100101101101011010111111001101100100011001100010101111111100011011110011111011001110011001001101110111001010110000111100001
00011101110010110101010010001011101011110000010011111000111101100001100100101101010001111011100011100101101111101100010100101011
01101111010011010110000101111110111101100110111000011111001001100100100011100000110000110110111111100111010111011011010101011101
10110011100000011011100100001111110101000111110011101001110010110000100000010110000000011110110001101010100110001101100101000001
00010011110111100011111000101110000110000101111000100101000010101011101110110011011101011111100100110011110011000110010001110100
00001011010110100100111001001011000011000001011010101100000000100111101110011111101110010101101110000011001110101111100010000100
10000101010111000111110100100101101111111110111110011011001100101000011000111110000101111010101000011100100001000001011100110100
00100001110110101110100010110001100011111000110011110001010110111110101110010000111001111010011101000001010001110100100000010001
01010010111001111101110110101110100110111111110110011011011101111000010000001010011010100111110111011101101001010010011100111001
01101001110111100110011000001101101100000101110101001000110001010000011000100011011101001111000110110011011000011101010000101001
01000001110110110000111010101101111001011000010111000001001100110011100100001100011001110110000001110010111000010000001100001110
00100110111010000011101101111011000101001110000111000101111001110111110000101011011110110110100010001000000000100111001100100111
00101110011010001101011100100100111100100110100011000001000000011001001010001101010110100010110110101101100000100011001101101101
11111001101001000101010100001010101010001111110110000111101000110010001010000101010001101001111010000110001110011111001011110111
01001000010011100001010110011111000110110001011010001000011100100001100001101001010011101101010111001110010100101110000010111001
11011000100001111001011010110011100000101010010101110011000001100101100111001110101100110110011111011010000110111000101011010110
11100100100000111010011110000011010110001000011000110000101100011101111101100101111101011010001100101001001010001010111110111000
00101000110111000101000011110010010110101111101010011000101100111011101111101011111111011001000011101101100010001011000011110111
01001101001101000010001001100100101001000001011010010110101001000001011011100111001001110001010000001000111010001111011100110111
10101110000111111111110100010001000101001110111001010101100100110111101111111111011111101011010000001111111101110110110110101111
00001100011010011010111000110100110100011100111101011010100101110110011110001110101101000010100111110111010101100101011101000001
01111011110100011101000001011001101001010101001010110000011110010001001101000111001110100010110100001111010001100111011010101110
00111000100110011111001001001110000111110110110110001111111100010000000111001100110101010011100010010101101001010000000001001001
11110100000001101101110101101111101110100110010110100110110111001011010000011101111111010000100101011100101110010110111010100111
00000000011110010111100100101100110101001111101010000000111100010100010101010011101100110110010111111011100011111011101100000110
10111001101110001001010100000100011111111000100001111100101001010011100101011001100000101001111001001001111011000101101001101110
11011111101001101010010111011100010010010010101001111100011001011110011001011110010011001011001010011101101110011100000111110110
10001010010111100100100001101000010100001110110111010111101011110101101010110011100011100110001101101001000110111000001010100001
01101110011001000101111111100010010100010111101111000101011111111000001110001110010011000010000110110010010111010001100111011110
10111111000101011111110000011101000111101010111101111100010011110010101111101101101001101011100111001010110111010011100100101100
01100010011111101100011000000000001111100100001100000111110011001000100010110101001110100000100111010110010001011010001110111110
10000100000111111111101010001100010001101010100110101110110101110000001000100100011000110111000000100111101001010011100000001111
11111001001010011001110100111010111010001001111001110001010100000100111010101011101011011010010011010101100111111111100100110101
11110000111110101001000110101101011011011000011111100100011101110110011100000111010100011101011000100100010011011010100100001101
00111101101001000001011001101111101001001000100011100010001001110101101001100111101111100100111000110011010101101001011000100000
11000100110101000001000110001010001010000110111011101110011000110100110111010101100111111001011110001100000100101000011111101000
00110110101100111101111011111011110001010011010101110011001100001010000000100110101010101101010000110010100000111110110101011100
10111110000011000111001101000110110000001111111011100111111100100101100110100011100100010110010100000011011110010111011011111000
01001010000001000100001100111101010011011010000110100010101100111000011011100111010110011000100001011111100001101000010111100011
00011110100001010010000110010110101000110001010101100001101001001101000111000111011011000001010101010000011011111101110000000001
00011101010011101011110100011111000001001100110000100011101011100101100111111010010110110011011110011011100010100110110101101001
11010010111111011001110010011000111101000011011111010000010101110111100101101100101111001000101111000110011000011011011011001010
01100010001101110001011111111110011101011101000010111100011011001110110110100101001010100001011011000001001001100000100001000110
10100000111010110111010110111001010000111010101100010011110011010111010100011100111011111100011011010100001011001000111111010101
11010011110100100011100110000110000100011011101101011010000000001111100011100010010001110011011100010100100110110111110001011010
00011110101100111111110100001011110100001100111010000001001110000000001011001100111110010110100100001000010001110101011000100110
01001010100101101000001111011110011110101100110011011100101011000101001110111011110101000011000000001011100111011100000010011010
10111000100011100011011011010110100101110000110100000100010111111010010101101001101110110111100000111100011001001011110111100000
10110011000100000010101110100010010010110010010110101100101010010000101101100100001111001010100000010111011111010110000101110000
10100100010011111101001100001100100111111011100010001111001111101111011101100110001011110100001101011000001010000111011101100100
10001000011000011111011111100100100011010100000111111101010100011100011001000100000100000100101110101010111101000110011000100110
01110100111111100001011100000011011011101101111010001101010111100110000111001010000010101100010110010010001011111011100010101101
11011011100110111101101101100011010100100010000101110011000000111011100011111011010110011000011111011010000001001101010101000110
00111010100110110110000100111011100001011010000100000000000001100101011101101010001011100101101111111010110111001111001010101010
00100000000100111100101001000010101011101011100111110111001011100000001100110000011011000100001000100001101010010101110001110000
10100110001010001110010000011000001110100010110011010010010111101011000010110011101001110101110110110110000011011000010111001000
01000111000011111010100100101101010100101000111010100100010011011011010101010101011010010000100100001000011101101101101100110110
11010100101110011000111110111111011001110000101101000011001010111100101011111001101001100000101010010010101100001000101011011001
00011011001000010000101111100101100000001111101101101010000011011111001010111001110001111101100011011101010101010010001010000000
01000110011001010100101110010010001111111011110000000110010000110101111100101101011000001100000101110111100010000101000100010011
01000010011111001100111110111000101000011010100101101100111001011001001001110011100010001100100000100111100111111110100110001011
00011110100010000110011001100100001000001010111000100001101100101100111011011110010011110010010111011111001011001011010110010011
11111010001001100100111110000000100111111011011111110000110101101011111010000010110001101111100101001100010010010100110100001010
01111100111110010000010011000101101000110001010000010000110001110011011001110100110010000011001000100100100011000001011110010011
10001111010011000010000111011110011010100010010111101111110101011111110101010001100100100001010011111100100011101011001100001010
10111110111101100000110100111010111111001110011101110011011110010111000110111000001010010011011111010010101011000100010111101001
01110100010110011000100010100110011011000010100011100101011101000000100111001100000011001110011111000110110001001110111011011110
10100101010110110110001110100110100001111100010110111010001011001011110100000010010010111011100011011010101110001011111101110010
11110110011010010000000011011110001110001001100010110010010000111001011010100011100111110001111001101000111000010001100011101000
00101011111011100010110110010111010011100011110101101101000101111101111101010111111001010010111110101100100111000110100111111111
11010010101001100011010011000101001000000011101101100001001100000000110110010000011000001110100000100000011000000111011100101100
10111111010110100100111111010001100100000010110110000100111010000110101111011010111000101010101001010001100100111110001101001011
00011101110001111001011001000101011101110111110100001000010000010100010111100001101100100010011111101010100010110111010110101110
11110001110010100010011000101101111110111111011000000001101101001010001101101001000100001110000101000001101001111101010100110101
11100110110111100101010001110010000101111101111010111001100011011110001001111001101111010100000010011101111000000000101010110110
00000000000000000000000000000000000000000000000000000000000000000000000000000000000000000000000000000000000000000000000000010101
