00111001000110101011010100101100001011111011000001010010011101111111101101110110100100001010001001100110110010001010100001001010
11000111110101000101000010011101000100011010001011100111001101111011111001000010111101000110001000110101000011110011100001111111
01000001010111111101000001011010100100011000110001010000010110000011001110011010010110010111000110110111010110011001110011011011
11100000111111111001111110000011101001111001111111001001001011001110010101100000000100010101111011111100001000110000010000111111
11100000001111111001110110100100111010100011110100001011110010101000100101101101111000100001100100101000110010100001011111111010
11000001110001101010111001100010001001011100010010101010111001100101001011111111110001111111101000000111000100111000110101010111
11100101000011000100101000110100001000010010010111110110111100010100111000000100001011011100001000111000011111011011100001100111
11000010011001101000111110100001000010111100111100111000100010011110100100001111110001101101110110100101000001010010111111110010
00110101010011111111001001101001100001010010000001010101000101000010100001110001100001111101001001100101010101010001011011011101
01010100001110010011001101011110010010110010110111010000001011101000000001110100000101110110110101110110111110100111010100010100
10101100000101100111000101001011101001001101100011001110011011010101111000100111111011001010110011010101111110111111000001000100
11101001011011001000000101011100110100011001100101100101010111000000000111000100000011101110000000101010010111010000011110110011
11010111101111111110000100000000000000110000111110010100111100110111001101101111100000011111110010111100100011011100000011101011
01010000010110010011111010101010110000011111111001100001010011101111100001001110110100010001011010111000111100000110011110100100
11011000000001110110010000111010000001101011101000001001111101011000110001001001101011100000000010111001000111110010011000010100
10100001000100100110011101010001001010011101011111101111010111111111110000100100011101101110101101101000110100111011001111011001
10110100110101101111000001100010111010000011010111101110011110011000110001000110111000100011111011011011000010001110000111010000
11011101010011101001011101111010010001101111001100001101100011001100011101011110010101010010111110100011011110100001110000100001
00100111001100110010000011000000001011100011111011001111011100111101111011010110000101001010000011111010101010101101001111001110
10110110101101111001000110000000001110001101010000110001011000100100010101100001000110111100100100001110111000001111001111001001
01110111001101001001101011000101111110010011111010111110111000100011110110011111000011101111111000001100111000101110001100100010
10110101111100001101111100111001101001111111001101011001000010011100100100110111010010110000010101001000110001110001010111010001
11001100110101111100100010000110001011100100000010111110110100000100001110001100001010011010110110101110100101111111001111011110
10001101001000110011001011000000100001100100101110111000001001011101011101100010010000011000000000110010001111100001010111011010
00100110100011000111110111011101011001111011010110010100010000001110011101001100011011001100110101011101000010000111100001010010
01000011111011111011100010010000100011101011010110001110000101101100000111110011111110111000010010011111011100101100010111110001
11000011001101111011110111111101010001111110011000111110010000001110101011000000100100010010111011011110110011101111010101010101
01100100000110001001101101101101101000001101100100011100010010110010100101011010011010000100001100000111111110101111001010100101
01001011101010101110001101111011000010111110010100001000111010011111011101100101111010101001001010101010011110010001101011010011
01110001111101101111000010100001100011110101001000011001100010100010001001100101011001111011100011000001111001001110010011101100
11110000010100001110111011011010001100001100010100111000101101101011010111000100010011000001110110011000100111100111110101000110
01101000100010010101011100100111011010011011100110100001011011110110111101010101100110110001111110110110111101001001110100010000
11101100100101101101010101100010001100011111010110001010111001001110110000010111101000110100100101101010110010100110101001101110
11011111001110011010010101111000010000100110101011111000001000101001110101101110100001000011111001110101100011001101110011011111
00000000000110010110111100100010000111001111110100111100000111011010110101000101010101110011111100010000110001000011110010111111
11100010111001000110110001111001001101100000110101000010111100001110000011100000101110010001100111100001111001110011101101101011
00001111100000010100011001101001000011000010110001111100010010011000010010001010010001110111000110110001101111110001010011001010
00110010010010101000000100111001111111100110010111111100101011101010110000100110000001111011100001011101111110100010000101010111
11010100011001110110011000100101010001001001010001110011000100001111010010001101100100010110000110110001000110000111101010111000
01000000110100101100100000001110011010001011000000111101011010111101100000100110011000110010101111100100101010111000100000010110
01101010001011001110110001001101111110100110100110000010101000001110111011100000001100001010100111110110111100101010111111001011
01111110101010110111101101110000001111000001011110111001100110100001010111011010000101010111010101110101011111010010100111110100
10011110000011001100000000101000010001010111110010111001000010101000100000010101101011110001001010011111111000010000100111101101
10010011001110010000001111011011111011010011100000101100000010110000100101001111000011001100101101111010010100000010110100101110
01000001100010010010001110100101100000100001100000001011010110010111101111011010000000011001001001001000011000111001100101010101
00101101110101001000101010011111010001011001101000000101011010111011110110011011010001111000101101100111111100111110100101001010
11100000010001111001110001010101001110010111010000000111000111100101001000111011001001011010101000111010001001010010001000000010
10110111100111100011110010100101011110111010011110100110100011110011000000001111001010001001100000010101001001110010001000000001
11010100101001011100011001111110000001100100101111100001000111011101110110101000100111111011100101111101100001000001011100100010
00110000111110000100100101011110111100000001101100000111100000101100011011010110000010110011001111010100111100111011001011110111
10100010111010001111010100000110101110011010010100000101110100110010010000010010100101011010001011001010100001000000001011001111
11110111000110101010100001111111011000011011100101110000100011010010111000110110010000000010011011011100000101100110111101000110
11110101100000110011100000110100001111110011010001110010100110000011100111010010011111000011101111001110001110001111010110111010
00010010100010010010110001111110110000011110111000111101011101001100001100010100111010001110100101001111111110100011001100111010
10111001101111011101001100010101101011010010010011011101011000100011000100011101011110011101001110100010000100000101100011001110
01011101111100110100101111101110000101000001101100110001111011110100001010001000110111100001101011111001000011000111111110001111
10101110001100110011011011101110001010010101110111010111011000011001111011100010101000111101111100011101101011111110000001101001
10101011001011111110011000010001100000001110111000111100011100100010110001110001011011101111111010111111110010111111001111110111
01000011001001000100100011111010100011010000010000101101010001010100111100110001111100010111010100111011011011100001001111100100
00010000101110101000101110010100101000011101101010000001111000001011010101011001010001101101111101001001110000010010110101000011
11100100100110010000011110111110110111010110010001100011111001110100100000001111001000101111111011000110001000000100011011000111
01110101101111111110010111100000100111000101110101010011000100001110000010001000000010111001011001111101010010111110000111010100
10011000011100101101010110001100011000010111010000100111101110111001001110111010010000101110011000101111011010101010010110110101
10010001011110110110100011110000001101111111111101111111000110001001001111011101010010110110100110111000111101111110011100101111
01111101000011010010001110010010110101010101111000001000111101100001010111000111011110101011010100100101111001011000001111000101
11001001100000001011011100001101001001000100010000110001011001011011110100101111001010110000010000011001000101111110110011010001
00111011010000100101100111011100000000001001100011100101111110110000111010111011101111001100001010000101111001111100001100101001
11011101111111100111000000001010001100000101101010000011000001001000111101000000001000101001001100010100100101000100111100010011
00011011101000111100010001110000101001011010010110000100110000001010111101011010001100110001000111110101010010010000000011100010
00001110101100001000111101000101100000101010110011000111010101110011101110101100001011000111101001010010001110011011000101001001
01110111010110111010001101010110010001000101101101011110101001010010100101000110111000100100001110000001011110101000100010010011
00101001101011111011010101011100101000000001001100101010010011100000001100000010000000100111010110101110100100010110010011111011
11110111101011000000100110010110010010001001110001101110000110110010101101000111011111101011011111000001000000110011010100110001
11101000000001000001101001100011001011010001011001000111000010011001010001110111010000000111011001110011001101101001011101010110
10101000011100010110010110110101100010010011101010101000001011000111000101110011110111111101101001100010000001010000101110011111
01100001011110011011100000010100011111110101101011010000110111111101001001100011001110100101011010101011000111010101100111000010
10100100100000111101001011111000000010010010001010101110100011001101001001011000000011011001001100001001110110100001100111011110
01101100101101110011001000110110100100111101010000001110001000011000010001001111111110001011101010000011110101011011100000101111
00000100011110000000011001101001000001011111110001111100101101001000000011101000100111101011011110010110000001011110111110000000
00110101011111101110110101101110011110111001101101100001010000110111101111111101111101001100001011000011000101011101100100100111
01011110101110100010100011000101000111001000011111100000011110100101000010101011000010111011010111011100000111110111111010101111
01010000101100010100010101010101111111000101011110101010100111000001010111010001011100010110011101110101011001100000111111000111
01010010100100100010101101011111100101101110001110010010100001000101011100011010111000000011010011001110101111110110011101011101
10001011110001111000101010100110011101010101000011011111110000111001110001011000001011011111111010011001110010100000101011011100
11011001101100100010011000100101001100011110000111001101010101011011001101011000101001110001010110111111001111000110011110001111
00001110000111111110100000001000010011000000010111000011000111101011000000010010000001010000100111111111001010001000010011110101
10100011111100011010101110010000010100100110001011100101100000110111010110111001101011101101011010100110100101111010110110000110
10010001111010110001000000000010101101010100001100011001101011011011100111111000111011111111010110010010000100011111101101101000
10110111000111001100010101101111101110110110111000110001111011110001001010000000100001101110000110001000100011010011001001101001
11000100111001010101100000110000001011001100000001001000100100110110110010011000011100110001011001011010000001100110101000000011
01000101000011001011111111101010110010100010110000000000010001110000010011110011001111101111011110100101101100001010110010011011
10111011100011000001000111100110000111000001011110101111001001111110000001111000010010110000111111010110100101011101101111111010
01010101010010101101001101110101010011110110001110111010110101111010111111010010011010101110100101100100011011100000000000110111
01011110110010000110111110110010010101010101001100010011110101010110100100000101101100110001110001111010100100100011010011011011
00110010100101110101101000010110001111010100100001000001100111000111010000110110111000001011011101000000110011011110101110110101
01010111111111111100000111100000110111000100110011000001111110010000111101011101000100111111100101010000110000001001110000011100
10110110101001010111110110100110111110100110010001110101101110111010001110100101010110011111101001001000101010110010110101011010
11100000110101000111111010110100110011101001011001010110110000101001111110111011011000011110010110010010000001101010100111001101
01001010110101000101100000111110111110000110111100011110000110110110010101011100001100001100000100101101101111001011111110111111
00100001111011011001011010101100001101101100111010111101110110101101110111110100011010100011111010000100101110000111011001011011
11111000100101101110011111110001010100011011100101100101111001010110011000010010011111001000110001001001000100110110010101100001
01001010110110100100110101001100110110110100000110101101001001101100000011010100010000001001010111111100101101101101111001111110
11010010100100100111110100101100110110011101111111000100111100100011001111111010010011101011101100000111110111010001000011011110
01110010011010101110110000101001010011101010110100010110000000000101001111010101011101010000000110111101010001010110100000111110
01001011011110110110111000100100101011010110011010001011001101111111011110100001000001000001111000010111101101010100110100001001
11010101000010001110011100001110101101011110011110011000100010001000000010010100100000011001000010011101110001010110111000111110
11100101100111100000001110000100100111110100010000010110001100001010100100000010011001011011100101011110011001011000000011110010
11001111001011010000111110000100111101111001110001011001101010011010011010010111000101111000010110010101011111010000000101100101
00100011111111000100100111010010111110010111000101000110011100101000101000101111100110111000000010111011100010111101100110011111
11000100001011010001110111001001101001001010110111101111101000000011010011100101111111110000001001100001111001011100101110110100
01001011011000110000010011100000000111011101010100110000010001011100110001010111111101011010100100001011100111010011011001001001
10111010110111101110000100101010111011101110110100100001111001110101100011100001111010000101010111101001110101001000010101100000
01011011000101110000001100010011000001011001110111011000001011100110101110100101100001101111011001010000001101011100110010000111
01011010010110110010101000101100001100001100000100110010011000111101011110110111100000100111100000110010001001110010010100101010
11011000010011100100100100100100111100111110000010110011000000100000000000111100100000010000101101110101010011111101100110110100
11101110110000111010011101010010110101101010010000110011110001011010110111110111001111011001001001110101011001101000010101110110
01010111010011001011100101110000111110111000000100110100010100011110100001001101101000011101100111100101001111101111111000011110
00101011111111101010100000000000101001100011011001000101011001101000000101101110111111001001110110100011110000111010000001001000
00101100110011111111100100011000100011000001100100100111001110011111000011000110010000110010110011011110101010011010111111110010
10011111000110010100011100111110010001110111001111111101011100111100011010100110101101000110101000010011110110110011001000110101
00110111011110110010100111100000111001001111100001011111001001001111010100000101110101100001111000111010100100010100011001110001
01000110010101110100101101111100010101000001000111010000100111110111000011111100100010001001011111011111011101111110111010010111
00010110100101110100001100110101110100100101000110110111111100101010001010010110001001110001110010110000011100100000001110100000
11111010001010101011110101110100111011101101111101110111011010000100100110010000011111101110101110101010011010101101110100011100
10001011011111000111100010110101000101000000001101001011101001111100111110110111100101101000000111101011101011001110000001011011
11110000110111011001110010110110010110010010100111001001111000110100110100011100011000100111101010011111011011010010011111010011
10100100100011111010111000001010111111000110111011110100010100010100010000010111000000001011100111010100000001111011010101010011
11001111000111001101110111000110010100001110001000001001010100111010101111111010110101011000000000000010011101011011001010111000
01011110001001110101011010010000111001101010111110000111110101111100100110000000111101101011001001010000110011111100000111111011
00110000010000000010011010010000010011110010110010110101101010011101001001100011110000110101100011110111100101100000101110110110
00011100100101111100001111010101100001010100010000011000001110010001110000011111100001111010010001001000110000001110010101010110
00111000110010010010011000101000010111010001010001101101110110010111101000010111100011001101001011010100110011110001010101111111
00101111000000100011000111101011000001000110010110010101110111010101100011111011110111010100010001011011110001111011010100001001
00001111100110100110011000111100101000001011010011110000111110110111011110000010100111111001001111111011101011010110001000101011
11001000000100100001100000101010110101000100000101101001111000111000011010111100100000010011111110101111101000000000000110011110
00101101101100001011101101011101101100110010110010010101100010010101111001110111100001011011010100001100011111010110010001101000
10111100010100100110010001011100011010100100110110100110101101101101001011000011101100010110101100101001010111110010011110001100
11000100100010100100110101011010000001110001011111010101100111011001110100100001100011101101000110100100001001100111100101110010
10000111101110110000111001011001000001100010001101010111110111100011100010001100000011000010001010010001100101010001100100111111
01100010011101001010000101111110101011100110101011011111000011010110110100001011011101101101001101101011011110101100110100000100
01000111011001001011100001111110000011001000001110110011001001001011101110001000010110010101011010010111011100000101010111011111
10101000001001001011111110010001101000100001101110111110001101111101100110111000110111100001001010000010101000001100100000101001
00001011100110011101001010111111001100101101011000001011000011000001110101000010100001011011011010111111110011000111100101110010
10100111011010011101100010011110100010001110110000100110101110101111111111100011110001001001111001000100001111101110101101010101
11111101001101110110101111111111010101100010010101111011011000010111111110001110110100101110011011000000111111101010100100011111
11011100111011110110000011110101011000011101001111011111010111001110011001111000000101000000000111000000010100110110011110011111
01001001111110011000101001001011111000010100110111000110001011010000110001000011011110011010111101111000100101111010110101100000
11000110001001100010111110011010001100111100110010110101000101001110001011101010010100011001010001001111010110110100111000000010
11101000001100111000101001010101001010000100011000011010100111010010100011110001100100001100011010000110101110001110111110011100
00000000010111111100100101101010001101011011101101110100011101100100001001000001001101001001000011001000110101001011010010110010
01110000111110011110110110111110010011011111010001001001111100010101011010000001111010110100001100101011100111000001111011101111
01001100100011101111101111110101111011010011100111001000111100111010010100011100001001000110001011110000101101011110000010000100
00100110100010011101101110111100000001010101011100101110001111111101010100100100010000110110101100011101110100100010000100100110
00000000011101101100111011010111110001100101011000101111010111110000111000101010011010001111111001011000101011111110011001111010
01001101100101110011100001111011011100110111100111010001101100010100110110001011001101100011000011100001100100000011011010001010
11001101011010111100010110001010110011101110010001111101001101101010100101111011111101101000100011011001100000000101000001000011
01011011101101101000001111001101111100101100000110101011110110111110110101110100111001101000011011010000110100110111011100000110
00010110001100111000011011110000000010101000100110010110011010100110011001001111110000001110100011000010111110110001001011011110
01101010101000111011100011101110010011011110010011100011100001110010101100011100111101011110111000101010000100010101001101011110
10111100010101111101010000010000111001010001010000001000100101110100100010001011111011010011111110011101100101101101010100001000
10001101010000101110100011111000010010101100001000100000100000011011011101001000000000111100110111000000110010111011011011100101
11010001000110001010111001010001111001010111001001101110101110110100111100011000000001110110101101000101110000001000010101001110
11001010110011110111111100000110100001010100100001100000001100000111100110010000101000001001111111011100000100010011101001011010
11100001000100111100010011001110000001011111101110101110001001111100000010001110010001000001011100100100010100111000100110010111
01000100100001111101111001101001010000001100100010101001111110011000111100100101110010111111000110111100101111011000100101101000
11111001011010010011010011001000110000111100100101101001101110010101000111010110010110011001011100100111111111011000100111101111
00101111100010001010111011100111110111110100111111011000110100011010000000011000000111110001111111010010101001000100101010010110
10101101001111000100110000111010010110001010011110010110110000010010100010110001011011110000000011101110000000101000011111011101
10010011000001111110101110111011110101110100000110010011000010000010111110101011000001100010100110011110011011000010101011101001
11100101010110010101001110010111000001111000010111010000001110001000110001110001100011000010001111001010011010011110000111010011
01111111100110001110110000100100000101000001100010110001000100001111000110000100011010000100100111001000000001010010000111111100
00101110101101011011101011011111000111000000101010101001101111000111011111010110110101010101010100001110110010111101010101010000
10101101010100010001111010011000111000100010000000100011000011001100000110100110111110101011101111010010110100011111110110011011
11100011010001110000101110010111100010011110101110010110100100011100011100000011000110010011100000001010100001010110111011010110
11001100111000011000111110110101000000000110100011010011110010010011101001110111010110001100000110000011111110011110000010111001
01010100010001110001100011010010100110000000001011100101110111111010001011111111101110010101001111101110001010100011100100010100
01110011100100101000110101001100101100110000101101111000101011100000010110001101010000101001010001101100101100100010100011000001
10100010010110100110100001011011101001111001100001001110111001110010111110110111101001010000010010000001010110001111100010111111
01111100010111001101001111110001011001011010111111011111111000110001001001100001110000100000111110011111101101101001100001010111
01111010000100101010001110010000111111000011100011011100000110111000101100101000110101101011001011000110011100110000100110001100
01011011110100011101001000010111110011011000110110101110000110000011010110010001000001100100110101100010010001000000100101000111
00110010100101011000001011111110011111111110000001110110010001101101111101010101001010100000110001100011001101010001000100100010
10100100111110101001101101000111000000000010010110011001010111110011110011100100101101111100100101011000010000100001111000001100
10011011010001001001100000101111001000011011001011100000000000001000011111001000001011111000110100100001101110000101011011111110
00010110101000110011111101010010110001101100101111011111001011011111001000001111111011001111011110111011110011000101110010001000
10110100111011000001010111001000001011000111100010000001111101011011110010110100011111100011010000000010001001111000110010111100
00000000010100101011110010001000011100111110010111111000001100011001010001111111110001000001101110010101000100011111110100101010
00000001111100000110101101100100100000100000110000001000101001101011000001111100111111101011111111001000001100101100001011001000
11000101100011011110110101010101101001110001100011100110010110100000001000011001110111100100110000101000100011111001111100010011
11100111010010110011110101010000000000011110111011110101111000001011100101101100001111011110000011011011111101111010000111001000
11101110010011011101001011110000100011010010100010000011101011010000100100010000101010010110101111010110000111000011101101001111
10111000111000111111111010000011000110010010010010010010111001110110101001101001111000001011011001001101111111110011001100011110
01010111001100010010001011110001110100101010111111001110000001101100001011000001110100111101110010111100100100111010110101100010
01111100110001100000011001000010010001111100001010100000111001011110101011111110101011101111000100010100000101111100101011011110
10100101111001011110111100011111100011001011101000110000001011000101001000010100100001111001011101001001001000011110001111010111
10000000001111000100001010011010101000100100000111100000100001010100110010110110000000011001000101011111111110110111000000001000
01000101011010001011010000100101001100100000001000101010110011010000001100111000011001100111011000100010100001101011000110110100
00001000111000010011011110001101101101011010111111010100110100111100110110100111011000110010111001011111110001010001110101010000
10001111111100111100101100010110111110111110011111111011111011011101111001010001100110100101111100000110011011010001110001111001
00010000001000100101110011011100010110110010100100011100100000111000111000011110010101100001101100110000111010010100110000011111
00100001001101011011111010011110111110100101100101111110011111010011101010000011000101111011010011001011010100101001001011010001
10101011000100110010111001000110010001010100101010010001101101110001000111011110000001011010011010110100101010111011110101101100
00110110000001000100111000101000000000111010011111010010011011110100110110101011101011100101010001010110010000000110101000111000
01000101001110111001111010101101001011010010111101000011010000100101001111110010011001100001010010001100100010101100100001111011
01100110010110001100111011101010110000000000011100001101110010111110000001011100100001010010001110011000100101011010111001101100
10111101011000100010111000100010100111111000110000011011101001110111011000111010111010010001110111010100101011101010000110001101
01000010000000100100001001011011110101000101001101100011000100111100101001001001001111101011100110111010101111000111100000011001
00011010001001000010000100101110110010110011100010111010010010110110011111101001010100010000001110111011100100001101011101110100
00100101111011101101100100110101010100000101001000011000100110111011001001011001110110111010100101001000010110011000001010100111
10110001101111110110101011011110111000011101110111100100011001100001000001000110000111100000100000101011011111001111010100100100
01011100100000101011111001001011001101011011000010000001000101110111000101010111110001101111011100000111000110100010111001000111
01001101101100010000001001100011110100101001101000001100110000011100110100001000001111110110100000011000011101010011111101011100
11100001011101010000111111110001101010100000001001101111010011010101011110011100000001001000011111011011100100111011100111110101
10111110100100101110010010001010011000010111101111111100101110100001011001100111000010011010101001101101011111101110001011000000
11111100110001111111000000000010101010011101001001000010011110100110000011000100110100011001111001111001110010010111010101110101
11101000101010100100111010000110111101101110101111000011111011001101101001111000001010001010000011111000001111000111100001101011
00100010001001000101110101010110111111101100010100100000010011101000011000000100001100111000001110011101100011111001000101000101
10011010101100110111101111101000010001011111101101101000001111010011111101100111000101000111101100010000111001111000011110101011
10001110110100101010011000101111011001100011100011111111010101010010101101111101000110000100010000010110101011011111011000101001
10000001100001001000000110111101010111011011011011010001101100000001001111101000101110010011001101011111101011111110010011101110
01111101010011000000110001110000001100010100100110100110111000011110001010000010010010011101011000100110011001001101010111000011
01100101101001000000001100011101110110011100111000101010011111011100000011111000100001101011011011111010000101000111110010011010
01010101101110111010010101111010110001000011111011110011001101100001110010100001001001101100100111100100110011100101001101011100
01111111110011110010110000111001001001111100110110001000011110100100111011111000101001101011101101000010110000100000000101101101
11001110000001010001101111001100111101011110011110010101011001001100111001010110001011101101101100000100001011101101011101101101
00001110000000010000110011010100100101111000011010100011110010001000100101000100110010101111010000000000100000000110101111010001
00011001011011100000100010101010110001100100101001101110100010010010110111001100011101110111000000010001010000000101111111010111
00101110011100011100011101011110000000110000101010010100101101100001001000100110001001011101100011100000100111111100101000000000
11010001010011110000001101111011100010001000011011010101101000010001010000001001011110001111011111101110011010011111101101110011
01110001110111111000001011001111111001000001010001101110010101001101100100100011100111100010001110010111100001011111001010011111
00101100010110111000000110111100110010001111111100000101011000010110100100100101110100101100000000100001100111010110101001101000
01010101111000100011001101101100000111001001110000111001010101010100001011010011101110100100000010001101110001000010100000001001
10010010000000000000011100001100110001011101110100001000010110001011100101111000110101011010010100001100010111001100011100011100
01000001100011110101000000100101101100011100111110110111010000101011001100101011100001110111111100010101000010011100100010000000
10001001101001000111010001111101011011011001011001101101010001000000101101000011000000111010100100010100011010011011111100110011
10001111000001100100101010011000001100110100111110011000101101110101000111110100111100101011011011000001100101011111110111001011
01101110011010110100111100110111010100111011110110101001111101100010011110011100110100110101110011100110001011010000100100010011
10010000111010101000100011000110011101010011001110011001101111110010011010000101011110110110100011011101101010100111110011000111
01110101010111011101011010111011010110010010101001111110101000111011000111101111101001000010110111010111000000000001100010110110
00101011001010000000100110111110000010110110010110010110001001100010010111101110111100011010110011110011110101100100101110101000
11100100011110010101110001111000101111001100101000010111011011000101101101101001100101010010101111011110100101110100000101000010
11110011111110010111101111011101101010101000001001101111010110001100111000100110011111100001001100101101100010001001001110000100
01100010110010000011000101001011011111001000101110111010011111110011101010101111111010010010100101100110010011010111111110100001
10101100100001011100010101010100100110110111100100001011011101011111001010001000110010011000001111000010111100001111010101011101
11011011110110110011110010110001110110011011111010000001000000111100100010101010111110110101100000101101110001010101100100001101
01100000110111111011110111011111000110111101110001000110101101100010000010010000010101110101001110111100100000001100100111101001
00100101111101000001101101111001111000101111100100010000100011000011011010011101010010011101110010000101000111001110001111000110
01110100000111010010000110100011101101010111110000100101000110000001000111101010101101101101101011111010100000110110110000011111
11010010111000101101111111000111011011010111001011101100100001001011100100001010101110110001010000010111101100000011011111111011
00000110100111000001010111101001011001111000101111110011110000111111011110010010010110001010011110000100100110001100011010010111
00010110010010110100010011011000010001100011101100100101010101010100010011001010011010000101100100111000100100001111011001110010
00000010111100100010111000001010101110111011110111111011001111010010110000110001111010101101011010000000010101011000110010010010
10000011011111001101100010010010110100111001001101100011000110011100110000000011110100111101011100011100001000001111011001000010
00001001111100111100000100110101110010101010011111100110111000110001001101001101101111110100011011000100011000001101100101000001
11101100001111001100100111000110111000111001011111001010111110011101010100011101000010011010111101100110011100111101010010001101
01111010110000110000110100010111001000010001111101010101100111101000100000000001110000101111010100111010010000101000110001101001
01000001001110101001100000011001010000001100001111101111000000011001101000010001001111000001101011010000010011101101111000110000
11000100100011010001010011000100000000111001111100011011111110101101111000100000110111000100001000010011011000010100111111110001
01110101101000111110101111101100101110110000110110010011101000011110101000001010000101011101000111011001011111111001100101100011
01110010011110011001100000101101011001110110011010000100000110011110010100111110010001000101000010000011101100110111011001111011
11101100100110100111101111110011010100111001110101110110111100001101010100011000000001101101101001101000110110111001011001000111
11010000010100011000100000001000100010010100000111010001110110001110101100110011001100011001011000110010001011100010001101001010
10001100111010110100011011001000110101110001110100111110011011010000000100100001111010101000100111111011000001011100110011100001
00100101100110100111101000000111111111100011101011010111100110000010110101100101111100001110001011100110010100011101101100010110
01000010010001011110010011110111111100001001000011101110101000110011100010000000001110001101011100011100010101000101010000101001
10111111111001001001100010010110101010010011011110110110010001011101111100110110010101010010101111000100001111011011001110001010
00100010110110011000001001110111011110011110100111010111110001100101011000101001010110111101111001011110011011101111111001111111
01101111001011000000111100000001111001000000010110011011000101000000100110010000010010011101101010101010101000011111010010110110
10001001010110000001111001000111001101111010110010101111011001011101110110010100010000101000100101100111101110010111010110001001
00000001101000001011101001101110110101001100101100010101101101011011000101001001011001011011100101111000110010110110001110111111
11100111000000101000101110010111010110101100010111101001001001011111101111110011111001111101001011011001110011001110001011100010
00010100101111111011001101101010111111111011000011111010111101100101010110000001111100001110110100110000000000110000010100000000
11100111000110110010100000001010110001111111001111000111001001110001011101011111011100100101101011110101110101011100110111011000
01110101111100111000011000111101100111111100010011001101111111000111010100110111010011011110010110101010111100010110000110110100
00110101000111111100001000000111111100100101000011001101000100100010111111101110011101111000000001100000111110001010001011000100
01110011110001001000011001101001001011111000100001010111010001110010011111100100110110100000000111111100011110010101000111100010
00100001111000000000011100111011101110100000010001101001111000000011001000011101111001000011101110011000111010001101010010010111
10000101010110011000110011110110011101010001100110001000111001011010000011010100001100011100111111101110111111000001111111011101
00001011111000000111110001000011010011101000111010010111101111101000111100110111101000011001001110111110100010000101010101001100
11000100011111011110110000110101110101101110001010111000100010010101001101111001001001011110000111010111110111011000000000011010
10001000010000000101111100110101110101010000001100011111110001011110011110011101001010011001000111110100110000110000000010000111
01111010000010110001110100000111110111011001111011101110001110100001000110010000110110101101010100010101000011110100001001011000
00001101011011001101110011011000001110111010100001000111000000111100110110010110101010000101001100101110011010000111010011011101
10100001010111111110101011010010110100110100001101011100101111101101110100111011111100011001101000001010101001111000000010001100
00001101110100110101010010000001001111011111111000101110101011000011000000110000001111110011011000100010010111101111010000100111
00110101011110101101010110100110000000100000001101001011001010000001110011110001100110101110111000110110000100011101001101001111
11011101110000110001100010000011110000110111001011011011001110100010001011001001010000110001000101101011100011001111111101010111
11101011111111110101001011100101001111111000000001001011011101011101011101000010101011011111110010000011111100101101101001100010
00111101010000100001011000110010011100111001101111011000011110110100101100100000111011110101111110110011001101101011011011111110
10111111000100110101000101000111111010111101001001100011010001001000101111011010001110000011101100100100111001010101000110100000
10010101101001100001100100000011011011011100110100100001010111101000101100101110110110111011110001011111101000011100011001010011
01101100111000100101101001111001000100000011100100101011100111011111001001010101101101111011011111110011101111101011000111000011
11100111110001100001101001110100100111110100110001011000111000011010000101000111001101110110011110110011011010010001000010100001
10010100000001100011011010101011110011111010001110100110000011011000110100100101010010000100000000110110010001001100111100001000
11001011100001101001100101001100101110100100010110011100000001111000110100000000010011010101010111110000000111000011000011010010
10101110010111100000011010101010001011001000101001001111100111110111111011100110000000110101100111011110101000010100010010110000
00110011011010010100011111010110100000110110011001111100101010110010011010100110101110011110110000011110110111111101011010100011
00101011010000110101011101101101100110001100101011010111101001001111000111001000110111001100101110011010010000110000000111000110
01111110010111111111100010111010011011000001010100100100111110000111011000001100111111111011111011010100001011010010000110010100
11001100111000111100111001111000001100000110001000011111110001111001000100110110011010000111000000011010101010100010011100000101
10011010111100010110000011001100111100001011100010010011111000111011111010100011111010010101001111111110011110011000010001110001
11111011010000100110101101110110011001101011110011010101101011110111100100001001000001101001010011011111010010010111001110111111
10000000111111010010001011111001011101010111110010001110011101101111100100111011110001110101011111101011001110000100101111110101
10100110111001000010111110000010110001101110001011111111000111001001001100111010001110110110100101001101100000111111001001001101
01000111101110010010000001100010110010100100001010101100000101100100011011100010110001100101010100001111100010100000111101000110
11010111100110110011001100111101101011100100011010111010011010100101110100111010110111101100111110111111111001001000000001110010
10001000011110010101001101100111011100001010011011010110100110001010010000100100000001001000100001011111100010100001000000110100
11010101110011010100000011000001101100111111110110001101101101010110000101011101011110100101100000001101010000111100110011111001
00011011010011001101100001010111001001101001001011010101111001101000111110110001111011101000100000010011110010011101101000000000
00011000100101000011100010111001110010100011010010010110111011010000001011000100000101001011100001100111010111001110101010111111
11100010010001111110000111110001001011011110010000000101011001001111111110110100001011110000000110101000010000110100001011000111
11101010101000010110000110001011101110000101011110011111010001010001001111001111100010001111011000010100100110111010011000111111
11111000110101111011100101100010101111011111010110100010110001010000010111111010010101000010111000111100000001000010000001111001
01000001101001100100011011100000110110110010111111101100001101000101000110100110110010000110100100011000000110000101111010000000
01111011010011010110000011011111011000000100100000000001010101101111100011001100000110001010011010010101101101010011100100001110
11000111000011010001011101011010000101001000101000010011100100111001000010001101101101101111101011110111000000100011001110011100
01001111001010101010000000101010000101100001101010011100000110111010100100011110110010110110001111111011010111011111110011011001
10000001001010000111011111010010001011110111011101001101011000101101011100001001001011101010101010101111010100011010001000011000
10001001010110011101010100001111010011110110010011010001001101001001111010100000011111011110001101010111010100000111100000100101
10100010111011111110010111100110001001001010000001010110000101011101111111110110001011000010101111001011010000111101011000100110
00100101100101111110111011000111001000000110111100111111101100010100011100000000101100100010110111100110110000100110100100001111
11100101010000010010101000101010000010001010111100100111010001001111000000100001100110000000000001010111001011000110110010100000
10110100001011111010000101110110111000110100010011111010001010011101100010001010100110011110001110100000100001000010111101010100
01000001100001101100000001110000000111111001101111100110100001111010001001111100011110111100000111100000000001111001000100111000
01100110001111110011100101100011001110110001101110011011001110010100001001111100101010100110001010011111101000000000100101101001
00000111100011000001111111000110100101000010011111000110001100110101110010001100011010111011011001110101101100110010110111011100
10110110010110011100011111010001101111000000110100000000001011100000011010100010000011100010101100111000101011111000111000011111
11110010110011101001100100111111100101001011001111000111001111100110000111001001001000111100011000010010000001101101011011111010
10001011001010111000001001110111110011010100110110101001111111010111010011001010001011110011101101110111100011011110110110111010
01100111011001011100010101011100111110011100101010011010001011110100110001101110000110111111000001011111011001101111000000010011
11000110011101011100010000111010000001001000110011000111011001110010110101111001011111011100111001100110011010010111000011001111
11110100000110110011000010000000110100010010010001110110111110011100110100001111111011001010001100101000001100011011101000010110
00111000101000010110100101110010110110110110001101000111111010101001100110000001010100100100100110110101100101000111110100010000
11011011110000110000010101000000111001111100011000111111101011001000101000000001001001001100010110001101010001000010110101001111
10011110111011111000001000110010001101000010001100110110110110111000000000100111010001001001001111011111100000111000101001011001
01100001110001000010100111011011100001010000000110111111101110110110111110101010001010101101001110011010110100110011010010111100
01001011001111010011011001101010111100110000100010101001111011010001100000100010101000100000100010111001101110100000011110011111
01011111001101010110010100101111010000101100110110110111101111011010110000100010100110101110111100100000010100111111011001100101
10010000110010000101111001001110001001011011110010101010110010110001001001000010011100101111011001000000111000001000011010010011
00001111000000000000010010110000110110001111101010111010000000010111011001101011111110010101110010001101100011100101100110110101
01111000001010000010110110100111010011010110101110100110101111010101111001001000101101111110100111011000000101101001000101111000
10011110011110011000011100111111001110110110001000100111011011000110111111100101001011010011001000000111011001000000100010111001
11001000000110101111101010101001101011010011010111000100101100110010100010101011100001111100010011010010111010010000111011100111
00100001011101010010101111111001110011111110011100000010000011001011011111001101001101000010010010110111011010000011110000100001
00100101110101010011100011101101101011001000010101111001000011000001101000011110110010101111000001111011110000111101100001001111
10101011011011001110111111010001000111001101100000011100100110101101110010001110000110111011011111101001111100001011110000111111
01001001011110101100110110111001010001100101000001010001110000111101110010011100001001001100010010101100001100100100101010100111
11000000111110001010000101100111110110101001101101111010110000001111011101010010111001001001010001101011110110011110000010110111
10000111100001101010100111000011011000110011000111100111101101100111000100011100100011101111100111011110101111100001111110101100
10011100000110000111010011111001000010101011100100010101100011001101101000101101010001011001001110011001011001011101011100010000
01101011110000111111111010010011101101110001101100010111001110011001100101110011010010100000011111101001111001100011101101000010
10100010101000111111101001100110101111110111010100000010001110100001011110000111001000011010001011111011110001111011101010010001
10110000010110010010001011101001010101001001101000011001111111101000010111000011110110010100111111001000101101010100101001000111
00110010101101100000111010011000101111101110011010100111010111111001011100110001000110011101001001001100011001111001101100000101
00101010010110110101101100000100011110010010011011100001101010111110001100001011011111111101110111100110000100001100011011101001
11011011100000000111101111110101000100001011110001010110001001101110111010110100101111000101101011111111001011000100100111111101
10000011000100010000000010001010111100000010011011001100010001010000011010100000001011010101001101010011001010100011000101011010
11110101010101101101111001101001000100000011110011010100001100001001011111110111100101110001110111101011101011101010011000001000
11011100011111011110010110101011001111000010111001001100000110001000000000100000000010000101111010110001111001000001011100111101
11111100000000111001000111010000110010111101101110101111000100111101010001111110110110010101010111110110101100001101010000010001
01100111100011000101101000110100111010101110101011001000010111100101000110101111101101000001100010000011110011001011010110011001
10111100000101110010100011111111101100000100011100001010001011000000011101011111101101010100110001101110111111110111000010011010
01011110100011100101100111100100010001110010010000001101001011110010111001110000111011100101100100000110100100001100110011001110
00000110101000000010100010011011011010111000010101100100001010000111001100010100011100011010100101001001101110001011110110110100
01011101011001001100011001100111110110111101000110011100110111111100111100000010000101010101101110111010000000101001010100000110
10011000001101101100011111101110000110111101101110111001110011100001011111000110111001110011111011101110100101001001100100010001
00100101111011101111011010000111001000010101110101001110101000110000100010011101101100001011101110111101111001101101000000000111
10101100100000110101101111011000010110011001100111110111100100110100101111010010100000101100011001010010000011101001011001001101
01111011000111101110000111101010010001001111100101100101101110010111100100010100010101011001010010100010001100100011010001001010
10010100111001010010010111110100000000100011011100000010011101011000001100101101001101011010100101101110011101101001000100101111
11010011110110000011001111011111000010001000010000100011011111101111100010110111111100000001010000001000001100100000001111100101
00000011011010101101011110110110001111011101000001011001011101101101100101111101011001010110111110010110101001011000011001100100
11110001000100100001001010101001101000000000110110111010001011001111010011000001101000011011101000000100000001000011111001000110
10110101100011001111010111010110000011101010100010000100010010111111000001110010101100100100110001010010110011101000010011111010
01100000111100110101101111110100010110010111100010010000110110010110110001011101100101100110100000100001110110010100010101010011
00001011010001001010111000111110101000001010010000001110111011110000110111111111001110110101100000111111101100100011011011000111
10011011000011000111011010001011110010011000100100000011010110111000100110010001100111000000111100110001100110100111100000110001
10110011011101011111010101110100100001101100000001000011101000101110110110000101111101001000000110000100100010000100001100001001
01011011100101111011100000101010010101010101100100000010111000101110100111100011101101111010100100000010111111100110111011100111
01101100011100001001000110100010011000110100000010111011011001110100101100100001000101010101111111011101111011101110111111101010
01011101000101000100111011010011111000110000101010000000100111010110010011100111000100011101010011110000001110011010001101010010
01010011000000110100101010001100000100111001101110101100010011111000111110010111010110110110001010111110110010001011011101000011
00001111111100101001101100001011011000100110100101000000101110110111010001011111100100011110101100001100011010000101010100000010
11000000110011110100000010011011110111101001010011000110111010110000111101111000000101101001101101011111110111100111101011001010
11101100100110111000010101101000001000010100101010100010000100011001100000101011000100110100111011100111111001111110011111010000
00101011100011100001110100110010000101110111111100000011101011011001000000011111001110010001111100111010000110100100100110100001
11001000010011011001000101010100110011010100000111101111000100101011010010000111001011101010010100010010101110111001010010010011
10111011010110100100000100010001101110101011101000001001000110100110100110010010011111100100100110000101010101111010100101101000
00011101010111101101111111100000000000000100001011011101011010000110000010000101101001111100110100011001001010100111101101101010
11011011001010011100101100010010111010100101011111010101110101001111100000101100011110110111000110000111010111111111010111100111
10001100000001001101110100011011111100000111110100111110110110011111110111111000011000111101011101101011000100110101110100000101
00110010001111000001111111111010101001000110000010011010000101111111110111111111110001011011011010100001110100001110110111000100
01111110100111010110110011111110110010001011100111101110100110110001011101101010001101111111000011001001110010000001100100110110
11000011111010100100110111100110110111010001100010000001001100101011111101000000011111111011101111011011010000001111011000011011
10111000001111011101101110010000111011100011011111001100010100110100101111001110010100100110100101010110011100101001011001110011
01001100100011101001111101000101000010110011110001101111100011011100010101001110110101011111000001100010110111010101000000000001
00111110101111101110010001010101101101111100000100000011101010101111000110101001000011011111101100000000011101110001010110111111
01000011010010101011111111010111010010011111101100111000010101010111110100000000100001010001111100101101001011011011101100101000
00011010010101110011111100100000111111010010110110010001001101000110010010110010011100001011100001111101011101010010100011000100
10000101000011011101010101100001101001010111001000000011011110101110100010010100010111100000010010110101011100111011101110000000
00110010100011101000100111000011000110111000101011101010000100111011100000100010011010111010111100010110000110100011001001111001
00111001100011101000001110111111100011101111111011110101101001010000101110111001111001100111111111001001110111010101001001010110
11101011011011111010101011010110101000000010000100110011010000010110011000100110011000000001100011010010111010111110101100101011
10110111010011110000010110111100111000111101001100001001101111110110100011100011011110001011110110001111010100001110110011011110
11110110010101001001000011000111110110001001111000101110000101001010001011110010110111000001011010100101011000010001100011010100
01001001000100111001101011010010111010011110110001011011010110110101111111010110100111011011101110110101101100101101110111001001
11011111011000011000111000100100111000100100100110001100111011010111000010101101010010010001100111101011011111000101101111110000
01000001010001110011100010111100000100010010100100001101000101001001010101100000010100101000110010100000001000101111101101001101
10110010101101110110000000000010100000111100100011011110010111110001010101101011001111111101001111101010010001111110001001100101
10101001001110000000100011000011000101000100011010001010001001001111010001101010110100010010000000011101101000100110001000010110
10100010010011010000010110000111100100011000001111000011110010000111100100001111001011001100000001111110011101000011001001100010
00011000000110011100111101111111000000111011100000111011101111100011001110100000010000000001100100010101100001111101000000010010
10110000010101100100101111101011010011110001101111011101000100101110000111011011001100011110111001100010001100001100111000110110
00111110001000100110100110011011010111110011111010001100100111011000100001001100110110010101111000000110010101101010000000111111
10101011101001011000010011000001010101000101101001110011100001100101100011101000101111011111010101001010110010011100010111100000
00110001101000101011110110010111001001101010001110110001110110010100000000110111110010110000101101000011101101101111011001100000
00001001110000011100010101110010111010111110110011111100111000110011010011010100000100000011011000101110100001010100010010101001
11010101111010101010001000101011111111000101100011001011001000110011001010101101101011001001011000100101011110011001011000011100
00001110111110111111011010101111001111111011101100110000000011000110001110010010101101100010000110111100000011010001110010001001
10111011011111000100111001100110101100001101100001010000110100101001111101111011010110110001010100000101011111101101000110010001
01011101001011001110011010010100111110111011101010101000001001100111000110101101011111000011101000001000111001100100101111001001
01001011110001101100010001110010000101110100010110111001110111111111101101001001001011011010011101100001011110000110110101100010
00111011001010100001011110001000001011111010001001101100110110100010001100111100010111100010011111011000111111001001111101111011
11110100111100110010011110010101110101101111111100001110101011000100001111010101001110110111011100100100000111101001000000001010
01010000000010101010100100001100000010100110011101100111000110100100001110110101010011110111011111100110110100101000101011010001
11111111011011110011001100001110010001010001111111010110111000000101010101000010011011101101110100001011101100001000110100011001
11110011011011001011000010001000100110000111110001101000100001011101010101010100101001000101000100010100000101010010110101111100
01100001101011001000110010001010010010111100010111001010001001111100110011111100000101011110100110000000010000110001111110100111
00001001000001001110110101101111101111011000000010001000110110100011111011010000000110001111100010101011110100110100111001110111
11110010001101010110111000000000100100010000001100110000000010001101111101010010110110111001010110101111101100001011101010111011
11000101101011101010110110111101011001111100101010011111000101001011110111000011001111001111011011101101111010111010011101011101
10100000111001111001001010101100000001000100010111000111111000010001001100110001000011100110110011011011100100111000111011100001
10111111101011011010010110000001110000111111001111111111111010000100111010100111100001001011011101100011011110101110001110010001
11100010101110000000010000111001110110100000110101100011100010100010000011111111000110101000010010010011111011011011000010101110
00110011110000000000000111100100001111011011001111101001110010010010010010111101011011110110001011101100000110100100011100000010
10011100001111000010100100001011000011011111010110001011100011001011101111011000101110111100001111010100101000010110101010011000
01001110011100000011001100100001110000011101001101110101011111101101010100001100101101011010101101010000101111100010010101100101
00010110111110111110011111000110010101010111100000001010111011001111100111001010110111111011001001011110000111010110110011011001
11110011110011000111101111001010001110011100010010111100100011100011101111100110100001011001001010011110010110001010100010100101
00111110000000000111011111000101100000001000010001111111101010000101011000001100001101100100010100010101001001111101111111010111
11011111110010110010111101001110001011000110100100111110001100000000010101110011101110100010010010010100111001010011001110101101
00010010110010001111100110000011001111011101011000001011000000000001111001001010000100011011111111111001111001011101001001110101
11110000101011000011000110100100001111000000001001110100000001110001010011010011001100101100011001000100101001011100010100010011
01110101000010110100011110000100001101110100010001110100110100001100100101011011110101111111001011100010010010011100101010111000
00000000100101111010101001110110010010010101111010001001110110110010011111100001001110110000110101110101011000110000110000100101
10011110010110111000111010110101001011101110000010001110010101101111010110110001101100010011011000011111110011111010100011111011
11000000000010111001001101011010001101001000001100011111010001001100000000111111010001111010101010000001001010101100100011011100
01000100011101011001101001111010100010111001101101011100101111010001111001100000001000010011111001001010000001111011101001111111
10111011101101111111111000010111100100011101010110011000000111110000111011110100100101110100000000000111000100101001101101101000
01011000000010010100000111011111011101101000111100010101011011011011110101110011100111010111100100010101101110111000111111100000
00000000000000000000000000000000000000000000000000000000000000000000000000000000000000000001111110110100001001110001011000110110
