011100000100100
100010001001010
001100001011100
011110011001011
011110111011101
010010101000100
100000011001101
010011010100001
000000001001111
011101100100101
001011011100101
100000111011100
001100100010111
000101010010000
001111100100110
001001100100010
010010010100011
100000110001010
011010000101010
001100001111101
011011000100111
100000001000111
010111110011100
011100111000100
011011011101110
010011010011001
011010111010001
011111110110100
000000110000010
100001110101010
010011010010011
001100100001100
000111011110001
011110010100100
000010011011100
000100110001110
001100100100111
001111000110001
000010000100001
011001111011100
001011110101011
001000010000111
001111101010101
010011111010101
010110111110111
010110000100000
011001011110011
001000010110101
000000010010010
000101000000111
011100100101001
010111011100001
001011111100000
000111101101001
011101000100100
011110101101000
001100000011111
011100110011010
001111111100001
000110011110111
010100011011110
000110111110100
100000000100000
011011000010101
001101100011010
010000100111100
