0011110001101100
0001011101111111
0101110101100001
0100000011001011
1100100011111001
0011000001001111
1000101110101110
0101110101110011
1110000011110010
1101111000110011
0001110111010011
0001101101010010
0100100011111011
0101111100000101
1110000011101001
1101000110010010
1010110010110100
0111011010011101
0010001100001001
0010000001111101
0000111011110000
0000011000110000
0001001110001101
0101101010011101
0010111000000111
0001001010100111
0011111110101101
0111010000011010
0010100110101110
0010001111000110
1010110110010010
0001111000011110
0111000101011111
0111101000111001
1001101000000010
1000011111000011
0100000001000001
1000000100000100
0111011000011100
1101010010101001
1011010101000010
0110101110100010
1011001010001110
0101101001000010
0110111001111010
1001100111111110
1000110101000100
0100001111101100
1001000100100101
0001000010010000
1101001011101011
0111111000100111
1001111000010101
0101100010110110
0000011101111101
0110000000000000
1001101010011100
0011110010001000
0010010110100000
0100010011111000
1100100011111110
1010111000010100
0011001110000001
0100010111001101
0110011110111010
0110100100101111
0000011100110100
0001101001011000
0111101110110111
1011010010100001
1010101010100010
0110001000000101
1101010000100101
1000010111100111
0110111001011101
1010011001010111
1101101010010111
1100000110111010
0010110101110110
1001000110010111
0110110000100110
1101001100011001
1010000101111011
0100110101000000
0000101001100000
0011100111001010
1100001011110101
1100101000101000
0111000001001011
1010100001100001
0000100001000010
1001010011001100
0010010111011011
0011111000111000
0000100000011100
0110111100101101
0100011100000110
0011011101101101
1101001011010011
1000000000100001
0110001011111110
0110110011000011
0111111011010111
1000001110001110
1101011000101001
0101000001100000
0010001111001111
0011111111110110
1010110001011110
0011001001110110
0000110111110110
0100100110010100
0010110100110001
0001001100010001
1101100110010011
0101100011101000
1001011010100100
0110110110010101
1011000011110011
1100001011010001
0000001011010101
0001110001010001
0010110111000010
1011010010100100
0000001111000011
1000011101010101
0010111001001110
0100000110110100
0001001110000000
1100111111000000
1011000001010101
