1100000011100011
0011010000011111
1010000010110111
1101000111011100
1100001110001000
0010111100011010
1001110101000111
1001100111011011
0100101010001111
1011011111100111
1100111001010010
0001100010111111
0010001011111011
1001001001001011
0110011011110110
1100001101011001
1001011011110110
1011011100101010
0101001001010011
0101110011101100
0010110011101010
0010110000000001
0100110111011000
1100100000111100
1011110001000100
0110001101011000
1100011000011011
0100011011100010
1010101100111100
1010110011101011
1101011000101001
0100111110100000
1100100010010111
0010011010000011
0000010010001000
0110001111110010
1101010100110000
0100011100001111
1100001111010001
1001101110011110
1100011011111111
1000111000110100
0111100100111011
0111100111111111
0100101011001110
1001011111000000
0001000010000011
1100110111100101
1100110101110001
0011000011111000
0101100101000000
1101111110100110
0011110001101010
1011001100111001
0100111101110100
0100001111011100
0010001001000000
0100001110010110
1101111111001111
0110111011010111
1101010010110110
0010010011101111
0001000100010000
1011010100010110
1011000100000110
0101100001111110
1100110001110010
0010000010110011
1010011110111110
1001110111000100
0011010011111000
1101000100010010
0001000111100100
0101101100101100
1101000001101100
1011011101101010
0100111000010111
1011100010110101
1010001011101010
1010100000111000
0111101111100001
0000111010000011
1000001111000011
1000001101101000
1100001011011101
0101110000111011
1100110010010100
0110110011010100
0101001111010000
1010001110100110
0101001110101110
0011111001010110
1011011010010010
0101100110111000
1011010110000100
0111010100101101
0000100001101111
0101101000000000
1000011011100110
0101001001000010
0010101001111100
0010110101100111
0011011001110010
1010010011111010
0100001010111001
1000010101010100
1010011101001110
1000011010011011
0111101000001011
0110011111010111
0101000011101011
0111011110010111
1011101100111111
0101101111100011
1100111110110011
1100101000110010
1010111110110100
1000100110001110
0000101111111011
1011010100011011
1101101100100011
1000011111001111
1011011100001000
1101001111010001
1011100000110101
1000001010110010
1010011110110100
1001100000101011
1101110010101001
0101110100101000
1010110110101111
