01001101111100001100001101010011
11110001111010010101101000110111
10100101100100100100000010101100
11101100111110101110101110101110
00100001010110101101101000010110
11010101010011000100110101101111
11001011011000110111011111111001
01001111100100001100001110001111
01001010011001101100100001010101
11011010110110100110111001001110
10010111100111110011110111010011
01000000010000011010001101001100
00111100111000100001111110111000
11000011001110010111100001010000
00110110010101000100110001100011
10011100001100001001001000000101
