00100101101011001111010001110000
10110011101100011111100110111111
00000011011110011100110100000101
00010111001011010111001100111000
10000101110111010111001011111101
10010011100111001101111111100111
11111001011000011101110010110000
11100111111000100101100111010101
01010111100100000110010001101000
10110110011100111000001110010100
00010111111000010111111010100100
01000011100001001000001000100000
01010010000011010010011111110111
00011110100000001001011001110101
10111110011011010101000111100000
10101000001011011101011100111111
