01011100001001101011110001010000100000010011110100111110001100100010110101010110000101001111101011001110010010110101011011001110
10100110000010110010000111010000110010110111001000111010100101011101111100110000100011111110001111100000011100100011101100010110
00001111011010000100001111111001001001011110010000100001000011010000110110111000011110111011011100001000010101111101110111100001
01000110011110010110000010110110000100001100101000100011000001000011111001011000010110110101110101101101110111111110111100110111
11100110001010101011000100000010110000001110100101111010100110000000000011101001101101111001011100011000111110000000010011110011
00010110000111001000100011001010000001011110101111101011100011001000010000111100101101010000001111110101011110111000010011011000
11110000101110111011101010001000011100000000010011111011100111101010011111011000111000010010110100011011111100100111101001110001
00100010001100100000110100101000010100000101100101010010000100001111011000110110011001110010100000101100101010110000010010010000
00111011000010011111110011101101000010101000000011001001110001011001001110101100001100011100111001100011010010010001100100100010
00001001101100001011111011001101100101110001010001100111100110100100010001001010110110010000111101010101001101011101111110101110
10011100100110100100111110000111110010000110101010001010100101100100101011001110101110111011100011100010001100000100010001011010
10010101110001001101010101010100010001010110101100000001111010000010110011011101111000101001111011100010111010000101101110001000
00111101001011001001101110001001001101111010100011111001100010011110000100000001001111100011101000011010110001010010110110011010
00100111100000011001011010010011110100011111001111111101011101101110110111110100111111101111111001111101010000110000001100100001
01010001001000111010011000110011000000111011001011000100111101101100001000010100011011110010110000111000100100010000110110110010
01111001101010110000000111011010010011011110011101101000110000010001000011101010100010101010000001111001101001110000001011010001
10111010110010101100111010010010111101111001010101001001001100101010001001111010001001011011111001101011001110101000000111101011
10000000011100100000001111101001110001010100010010001001100011010000110001000110000011000000010111111011111001111011111110101001
00111101011101110001101001111001101000101010110111111001111011010110110010000010011010010110110101100100111010101111111000001010
10000011011011011111000101000010010001101001111101110100110010110110101101010010101011110001111100110000011110101111011001000011
11101100000101111111110001101100100001111000101000101010001010011011000010110010011100111101000011110100111100011110000010100101
11001110111001000111111100111011101010001110001101100001110000011101000010111010111111001110110001111001011101001001111011000100
00100110010100110011011111001110111011001010110011011101100101101000000100001011101010001001011001001001101001100111100101100010
11110000011000110100100001111111001010010100100111000011001010000110100101000000100000000111110010001100010011011111000100100111
01111011010010111111010100010000001100010000011110101110111100011111110010101110011100011110110101110111000110100001001100110111
00101111010001101100100110001001111011100000101001101100110010010100001010000010100111000000011110100110110010011001000000101001
11011000101100101011011111101111110001110111001000100001000001000110110000000101001101010110010001111111101001100011111111100000
10011001001101110110011011101001011101001101111100001001001001011111100101001010110000110001010000000101111111110111100011001001
01010110110101110100010100100001101010010001010110111101010010110001110001110110001101111001110001011011100001001111010110001001
11011001001001011100001000100001111111100101000001011001101110110001100010111100110100001011000110100100000000011010000110101111
11110010000100111000011010010000010101011001111001110010110110100010010000111011101101001011011101110101111010111111011110011101
00101001110001110101110011000000101110100110100011111001110110100100001110000100011001110010101101011001011001111111100100001001
00101000001111101001101101000011111001110101110010100001010100100011101011011101101110111100111100011111101101110101110101101101
00111101010100000000000111111110011000111010001100111010010011000000110010011111001110110110101100111000000000101001001011000011
11110111110101010000100110110010000100100000101111011100011110001101010011010010111000000111111100011101001111010111111110001001
11100111111010011100010011001011011010100001010101010111010110101100110010010001111010110001111011011101110000100101100000111010
01111010011000110011110100111000110100101010000011011000000010001000000001100000111100000111110010100100011011101100001001101011
11000110011101110001011111010100000011001000010000100101111011110101011001101001011110100001010000011011110110101101100001000000
00011110000100001110000011000000100110011011110101100101101100111100001001011100011010010110000001001001111111000010111111100011
00101010101001001110110100011110011111110111100000001110010000010100111111101111100001111110010011100101100010000101110000010100
11001100101101010010000011001000000010101001001000100101001000110011101010011100010110100110011101001010101010011000110011010100
00001001001101101110000001110000001111111100110010111110011100011001100110100000110111001010101110100010101110010011100010010100
10010111001010001010011000101110001101110110100100010111111010100110000110001001100100001001001000111011000010100001100000011000
11101110011110110011000100101101000001111101110101111010111110100100000010001110100111010100100000111111100111110101000111110010
11111000010100001110001110000000100000101111001000011010010101011010010001111010010101111100001100000011010001000010100000111110
00100001111001110000000111011010100000111111001111000010100000000101101000001001101000110110101000001000110101001110001110100001
10111100111000110001010000001010000001111011110010111011001001101010111110010010100111011111100011001111010011101000101010110110
00011010111110011111110111101111000100101100010101100101001001010010101000001100000010110100101011111001101111100001000111010111
00101101101010010000001001101100011111111001001110010111001101101110011100011111111010111010111100100101010001101101111011110100
01011101110011000000111000001001111110111000010101110001111000101011100011100110101100111100110110010111000010101100010111001001
00001001001110101000001000110110011101011110101000010111001110000101110110100110001010110101110000001000110001010001100110111001
00011110010111101101110110001110000001101101010000010111011011100000101010010110101001101011110100000110110111000000011100111010
10111000011110010100000101001100010100111100111001110000101101010010111011111110010100000010101110111101111001000110110110001110
10110001010101010100010110111110001100001010011001110000001111001001001110110100001010000111111010101010100100110001101100100101
00100111001100101001001110111101100110010110011101000010001000001000011100110111111001111110000101011011100010111111001100000111
10111011111001110001110000011100101000110100000110000001010111000000000101000111111110101101100010101000011101101011011111001110
00011111010011111111000110100010001001100101000000011100101100101110010101010010101111111111000010110110011110100111011110001010
00111000010000100101001101000001100011011010101111010001100010111101101111011110110000011001101011010000101011111001001011011001
00000010010101111001001110001011101101001100011110000100101101110110000101000101010000110111110000001101001110010001101100000000
10111100100010100001001101010110110001000101000110010010110101100111100011010001001001010100010110110010001110110001010010010011
11001011011101001010000110110011000000000000010111101010010111101100000101000110111001110001001011100111100100101001101100001101
10110101110111000011100111110101010101011101111110110010010110111011101000111111000111101000111111111111110110110100000001111011
00000101000100111000111011001011000100100000011111110010100011000011110001101000110010101110011011010001111001111010010100111001
01100101001110010101111010000011011010000101111111010000011101011000000011000100111010010011100000011001000101101000101101001010
11010000011110100100000111100011010100000010111111100111101011010011101111000010100101110001111110100111111011101100111010000100
10100100011010100101011111101100101011111111100000101000100110001011010110110100101001000001011100000100110001101100101111010000
11111001010011100101011101110000011111001011111010011110010000010010010100001100101101101001100011001110010111101011010000100011
00010000111000001011111101010111110101001000111111101100101010010010000111010001111101011001010110000111001011111110110111110111
01011111000011110000011110000100101010110011100000111101100010000111000101010010001010100101100011011000101101100011100000001111
11110110111111011000100101100101100110001010010101111100101100011111010001101101000010100101100010111011101110000011100001000111
10111101100100001000011011110000011100000101001111001011111100100010110100001110111101111110101100101001010001111101100110101110
01011011011100011010100000010100100011000000100110101001100011011000110011100000111010000110000010111010111010010000101001000000
00000000101101010101111000100110001111000100011101110011101110110011111011100011111111001101011001101100100101101001111000100011
11110111011001001001110100011001100101111011000110101100011000001001001010100101101111000101100000001101000111101000100101000001
10001101100110011101101000011111000111100110110110100100101010101001100111001010100011010110100000001111110010011100001011010110
10101000010101100101010111110100110011110001001011011110100011110110011010011011001011001101010101001111001111100110101111100111
00001000111001011101010110101100100110011001000110011001000101010100101010001001100000010010111001000101110010001011100100000110
01100101100110000100000000001111001101010110010000110111100010110000111011110010010111100100111000100111000011101001100010101111
10011101010111101110110000001010110110011111001001100001101001111101001001011011110001100001001001111001011100110110111111110011
11001000011111010110110111111010011101001110110101001110001101010111011111100111000010111010101000010010010101111000000101000001
10111001111010011010001101100100100001001110011100011010010101110111001010001110111001101111101100010011010101001000110011010100
11101101101001100011001110001110011110000101011010111001000101010000100010100001111101001111101101010111000110000011011100101110
11111110101101000000011010111100001011001000011100100011010110011011100000110100010110100010110010110011101011010001010010000000
10001000001001110111011001010010100011110111001001000001010010011000010110101111111010001000001001101000000001111111010111011101
01110011100100111101111111010111110110000110011100000011101111011001000101010001000001110100010111101100100000001011010100111000
10100101001100000010010010011100101000001001111011100111000100000111010100010110001101000110001110101011010001010001111001001010
00011010111000010110110011101010010111100001111101110111110011010100110000110011111010010000010100111001000011100000000011110100
01011111011111110101011011100110111101001010001010000001001110011111001000110111111000100001011000000111111010100010001000101111
01000010011011011010000000111101111110101100011011111100011001110001010010101110111011101000110101010010010100001110100100101000
10101111110111100001011110100001010011010000100101110111011010000001001011011101011111000101001010110110010101010010110110011000
01101100101110110001000011000001101001110111001110011101001101110001101101100100000101001001001101101111101011101101000001101110
01101001110110100010011000111011110000101001110100111001111101010111100101110111010001010110111111100100010110111111010001001100
10000101111110001101011101001010011100101001000100001100100110011101011010110110010011001010010110010011101000100100111110011100
10011010010111101000010110111011101001110011100001000000111011101111001000000100011101101001101011110101110111010100001110010111
11111101001111101111011010111100001010100001101101000110001001111111101101001101101000000000110000001111000101101010010011100101
11110010101010000110100110110101000001110010011101101111111011101001000010011110000011001000000110110110111011100010111100011110
11010100010010011010100000100100110111110001101001010011001000001101101100101110011110110001000110010100101001100100101000111001
11001010000100000100000001100100110010100000000100100010100010000000110010110001110111000011110010010101011000100010001110110110
10000000111101011111011111111001111000011111111001100011100110111001111111000111111000001110000001010011011101101010010111100010
01011011011111110111101111011001100010011100110000100101100001010011000010010101000001000110110011110001010101001110100010000000
00001100001111000110010101110101111110110001010110111001101000001011011101001100100101100100011011101001111110110000000011110110
11011001101100100111111001011010010000100001001101110101110010000110011110101001011111001111000001011000100101010000010100101101
11001011101101011100001100001010000000011110110100111110011110000000000110110100110010100110110011010111011101010110111101010001
11100101100110110011000000001011010011110000001101101100001001010001010010101101110010010001100000000011111100110000010000001011
10100111011110000011001100011111011101011110101000110110001010000001000001110100110010100011000110100110101001000100110011110011
01000100000110111010101010001000111010100111110011011001000010101000100011101001000001010001100010000011111001111010111110001001
11001111000110011111100001100100000000010111101001111011110010110000011100000001101100110001010001101000010110011111111111101100
10001110100001101100111111110111100010100011111100100111011001011111010000100100000111111100100110001111001000010101001010001010
10110000011001000010011011001011010001111110000010010101111111010001111011101101001100111011101110010010001000111001100010100101
00010100100011101001110110100011101010000111100111100111011111010011010010011100010101000011000011110111111110111001100011111001
10100001111011110101011111000010101111110001010001110001101110011101000011011000011101111010001011000100010100000110000100010001
11001010000101101000101000111101010011110100101100010101000001011101110110010100100010111010101111111011011100001111010010001001
11101000111101111011001001001011001011001111001010001100101111000100000001101010001101101011101010001001001000100100101110010110
01010101011101100100100011000001110110100100001010110100110100010010110010001001010010011111001011101011011100010111100110011101
00111010010010111100010001010001101010111101101000101101101111110101100110000010001000101100101011011101010010011101101011111101
10100011000101101111001100010110100101101011010011001010100110100011101010111001110011110101100111100000000101110101001011010111
00011000110001100011101101101001010111010110001001001011100011111100001101110101001011101000000101110101000110001100101001000111
10010000000000110110010010111111010000101111100110111001011111001000100110010011001100100000101010111111000011010110011000110101
11011100110110011001110010001011111101101011010100011100100000111100010100100011100110100100110101000111100101010111000101000010
10101100100100001111110011011000111001000011111101011110000101000001100110101110010111111111111111101101000010110100110100000000
01000011000001001011001100001111110100010001000110011111010101100000010100010000101100110010101001111001110001110100110110111100
00100010001111001011110001100110010111011110010111110101001001100000010001110010111010011000111011011100001000000110101011001100
01001111101000011111101111100011011010000011010100110111000001001110100100110101001011000110110011101001010011101000010000110100
10100001110001001011101011101100101000111110011010101101101101011111111101110100011111100101010010111100010110100111001100000101
10010001110101010100111110011110110110111011110001000000110011101001100011001110011001101111000001010110000100001110010111111011
11100101011011001000000010010000101000111100100011001000011111111100010110011111010001100100011111110011100000100100101001100101
10100011010000011000010000000011111100001101101111110110000111000110000110001100000010100101110011000100100101100101011001000110
11010000000000010010110011100000101101001100101101010101111111001000011001011000100000100011011000000000011000011101110111111011
00010010011100000011010011011001101000001000101110011100100000000000111010000011011110111010100001111101111100011101100111111000
00010101111011001100001110001100010100101010011111110111010110100101001001111101111110011111001001100110010101100001001011001000
01101010011110101011110101000100110011111011111011110010111010001111110010101011101001011111100001101011100101011000000011100100
01010001001011010111001100001110000110000111110111010010101000010101101110001001000000000100100111110101110011100101111010111100
10001010111010110111101111100111001111010111100001100010010001000100111101010101110011101111010111101000000100101111001011000001
00101010101100100111100011110010001101000111001001111111100111110000110011100010011101011011101001101000100110001101101110111000
11001000110011011001010010110010110010110011001001000000010000010000001110110110111010010001000101111110001111111001000000001111
00011001001001010010011010111011110010111010010100001110001010011101011000000110101011110000010101001110001011010001000100101001
11100111101111111001111001101011011100111000010001100111001010101011111000000010110011110100011011010111000010010011010101000010
10101100011001001011010111010000111100111100100111001011000110001100100101111110001100010101010010000110000101011101011000110010
00000000000000000000000000000000000000000000000000000000000000000000000000000000000000000000000000000000000000000000000000010110
