01011100001001101011110001010000100000010011110100111110001100100010110101010110000101001111101011001110010010110101011011001110
10100110000010110010000111010000110010110111001000111010100101011101111100110000100011111110001111100000011100100011101100010110
00001111011010000100001111111001001001011110010000100001000011010000110110111000011110111011011100001000010101111101110111100001
01000110011110010110000010110110000100001100101000100011000001000011111001011000010110110101110101101101110111111110111100110111
11100110001010101011000100000010110000001110100101111010100110000000000011101001101101111001011100011000111110000000010011110011
00010110000111001000100011001010000001011110101111101011100011001000010000111100101101010000001111110101011110111000010011011000
11110000101110111011101010001000011100000000010011111011100111101010011111011000111000010010110100011011111100100111101001110001
00100010001100100000110100101000010100000101100101010010000100001111011000110110011001110010100000101100101010110000010010010000
00111011000010011111110011101101000010101000000011001001110001011001001110101100001100011100111001100011010010010001100100100010
00001001101100001011111011001101100101110001010001100111100110100100010001001010110110010000111101010101001101011101111110101110
10011100100110100100111110000111110010000110101010001010100101100100101011001110101110111011100011100010001100000100010001011010
10010101110001001101010101010100010001010110101100000001111010000010110011011101111000101001111011100010111010000101101110001000
00111101001011001001101110001001001101111010100011111001100010011110000100000001001111100011101000011010110001010010110110011010
00100111100000011001011010010011110100011111001111111101011101101110110111110100111111101111111001111101010000110000001100100001
01010001001000111010011000110011000000111011001011000100111101101100001000010100011011110010110000111000100100010000110110110010
01111001101010110000000111011010010011011110011101101000110000010001000011101010100010101010000001111001101001110000001011010001
10111010110010101100111010010010111101111001010101001001001100101010001001111010001001011011111001101011001110101000000111101011
10000000011100100000001111101001110001010100010010001001100011010000110001000110000011000000010111111011111001111011111110101001
00111101011101110001101001111001101000101010110111111001111011010110110010000010011010010110110101100100111010101111111000001010
10000011011011011111000101000010010001101001111101110100110010110110101101010010101011110001111100110000011110101111011001000011
11101100000101111111110001101100100001111000101000101010001010011011000010110010011100111101000011110100111100011110000010100101
11001110111001000111111100111011101010001110001101100001110000011101000010111010111111001110110001111001011101001001111011000100
00100110010100110011011111001110111011001010110011011101100101101000000100001011101010001001011001001001101001100111100101100010
11110000011000110100100001111111001010010100100111000011001010000110100101000000100000000111110010001100010011011111000100100111
01111011010010111111010100010000001100010000011110101110111100011111110010101110011100011110110101110111000110100001001100110111
00101111010001101100100110001001111011100000101001101100110010010100001010000010100111000000011110100110110010011001000000101001
11011000101100101011011111101111110001110111001000100001000001000110110000000101001101010110010001111111101001100011111111100000
10011001001101110110011011101001011101001101111100001001001001011111100101001010110000110001010000000101111111110111100011001001
01010110110101110100010100100001101010010001010110111101010010110001110001110110001101111001110001011011100001001111010110001001
11011001001001011100001000100001111111100101000001011001101110110001100010111100110100001011000110100100000000011010000110101111
11110010000100111000011010010000010101011001111001110010110110100010010000111011101101001011011101110101111010111111011110011101
00101001110001110101110011000000101110100110100011111001110110100100001110000100011001110010101101011001011001111111100100001001
00101000001111101001101101000011111001110101110010100001010100100011101011011101101110111100111100011111101101110101110101101101
00111101010100000000000111111110011000111010001100111010010011000000110010011111001110110110101100111000000000101001001011000011
11110111110101010000100110110010000100100000101111011100011110001101010011010010111000000111111100011101001111010111111110001001
11100111111010011100010011001011011010100001010101010111010110101100110010010001111010110001111011011101110000100101100000111010
01111010011000110011110100111000110100101010000011011000000010001000000001100000111100000111110010100100011011101100001001101011
11000110011101110001011111010100000011001000010000100101111011110101011001101001011110100001010000011011110110101101100001000000
00011110000100001110000011000000100110011011110101100101101100111100001001011100011010010110000001001001111111000010111111100011
00101010101001001110110100011110011111110111100000001110010000010100111111101111100001111110010011100101100010000101110000010100
11001100101101010010000011001000000010101001001000100101001000110011101010011100010110100110011101001010101010011000110011010100
00001001001101101110000001110000001111111100110010111110011100011001100110100000110111001010101110100010101110010011100010010100
10010111001010001010011000101110001101110110100100010111111010100110000110001001100100001001001000111011000010100001100000011000
11101110011110110011000100101101000001111101110101111010111110100100000010001110100111010100100000111111100111110101000111110010
11111000010100001110001110000000100000101111001000011010010101011010010001111010010101111100001100000011010001000010100000111110
00100001111001110000000111011010100000111111001111000010100000000101101000001001101000110110101000001000110101001110001110100001
10111100111000110001010000001010000001111011110010111011001001101010111110010010100111011111100011001111010011101000101010110110
00011010111110011111110111101111000100101100010101100101001001010010101000001100000010110100101011111001101111100001000111010111
00101101101010010000001001101100011111111001001110010111001101101110011100011111111010111010111100100101010001101101111011110100
01011101110011000000111000001001111110111000010101110001111000101011100011100110101100111100110110010111000010101100010111001001
00001001001110101000001000110110011101011110101000010111001110000101110110100110001010110101110000001000110001010001100110111001
00011110010111101101110110001110000001101101010000010111011011100000101010010110101001101011110100000110110111000000011100111010
10111000011110010100000101001100010100111100111001110000101101010010111011111110010100000010101110111101111001000110110110001110
10110001010101010100010110111110001100001010011001110000001111001001001110110100001010000111111010101010100100110001101100100101
00100111001100101001001110111101100110010110011101000010001000001000011100110111111001111110000101011011100010111111001100000111
10111011111001110001110000011100101000110100000110000001010111000000000101000111111110101101100010101000011101101011011111001110
00011111010011111111000110100010001001100101000000011100101100101110010101010010101111111111000010110110011110100111011110001010
00111000010000100101001101000001100011011010101111010001100010111101101111011110110000011001101011010000101011111001001011011001
00000010010101111001001110001011101101001100011110000100101101110110000101000101010000110111110000001101001110010001101100000000
10111100100010100001001101010110110001000101000110010010110101100111100011010001001001010100010110110010001110110001010010010011
11001011011101001010000110110011000000000000010111101010010111101100000101000110111001110001001011100111100100101001101100001101
10110101110111000011100111110101010101011101111110110010010110111011101000111111000111101000111111111111110110110100000001111011
00000101000100111000111011001011000100100000011111110010100011000011110001101000110010101110011011010001111001111010010100111001
01100101001110010101111010000011011010000101111111010000011101011000000011000100111010010011100000011001000101101000101101001010
11010000011110100100000111100011010100000010111111100111101011010011101111000010100101110001111110100111111011101100111010000100
10100100011010100101011111101100101011111111100000101000100110001011010110110100101001000001011100000100110001101100101111010000
11111001010011100101011101110000011111001011111010011110010000010010010100001100101101101001100011001110010111101011010000100011
00010000111000001011111101010111110101001000111111101100101010010010000111010001111101011001010110000111001011111110110111110111
01011111000011110000011110000100101010110011100000111101100010000111000101010010001010100101100011011000101101100011100000001111
11110110111111011000100101100101100110001010010101111100101100011111010001101101000010100101100010111011101110000011100001000111
10111101100100001000011011110000011100000101001111001011111100100010110100001110111101111110101100101001010001111101100110101110
01011011011100011010100000010100100011000000100110101001100011011000110011100000111010000110000010111010111010010000101001000000
00000000101101010101111000100110001111000100011101110011101110110011111011100011111111001101011001101100100101101001111000100011
11110111011001001001110100011001100101111011000110101100011000001001001010100101101111000101100000001101000111101000100101000001
10001101100110011101101000011111000111100110110110100100101010101001100111001010100011010110100000001111110010011100001011010110
10101000010101100101010111110100110011110001001011011110100011110110011010011011001011001101010101001111001111100110101111100111
00001000111001011101010110101100100110011001000110011001000101010100101010001001100000010010111001000101110010001011100100000110
01100101100110000100000000001111001101010110010000110111100010110000111011110010010111100100111000100111000011101001100010101111
10011101010111101110110000001010110110011111001001100001101001111101001001011011110001100001001001111001011100110110111111110011
11001000011111010110110111111010011101001110110101001110001101010111011111100111000010111010101000010010010101111000000101000001
10111001111010011010001101100100100001001110011100011010010101110111001010001110111001101111101100010011010101001000110011010100
11101101101001100011001110001110011110000101011010111001000101010000100010100001111101001111101101010111000110000011011100101110
11111110101101000000011010111100001011001000011100100011010110011011100000110100010110100010110010110011101011010001010010000000
10001000001001110111011001010010100011110111001001000001010010011000010110101111111010001000001001101000000001111111010111011101
01110011100100111101111111010111110110000110011100000011101111011001000101010001000001110100010111101100100000001011010100111000
10100101001100000010010010011100101000001001111011100111000100000111010100010110001101000110001110101011010001010001111001001010
00011010111000010110110011101010010111100001111101110111110011010100110000110011111010010000010100111001000011100000000011110100
01011111011111110101011011100110111101001010001010000001001110011111001000110111111000100001011000000111111010100010001000101111
01000010011011011010000000111101111110101100011011111100011001110001010010101110111011101000110101010010010100001110100100101000
10101111110111100001011110100001010011010000100101110111011010000001001011011101011111000101001010110110010101010010110110011000
01101100101110110001000011000001101001110111001110011101001101110001101101100100000101001001001101101111101011101101000001101110
01101001110110100010011000111011110000101001110100111001111101010111100101110111010001010110111111100100010110111111010001001100
10000101111110001101011101001010011100101001000100001100100110011101011010110110010011001010010110010011101000100100111110011100
10011010010111101000010110111011101001110011100001000000111011101111001000000100011101101001101011110101110111010100001110010111
11111101001111101111011010111100001010100001101101000110001001111111101101001101101000000000110000001111000101101010010011100101
11110010101010000110100110110101000001110010011101101111111011101001000010011110000011001000000110110110111011100010111100011110
11010100010010011010100000100100110111110001101001010011001000001101101100101110011110110001000110010100101001100100101000111001
11001010000100000100000001100100110010100000000100100010100010000000110010110001110111000011110010010101011000100010001110110110
10000000111101011111011111111001111000011111111001100011100110111001111111000111111000001110000001010011011101101010010111100010
01011011011111110111101111011001100010011100110000100101100001010011000010010101000001000110110011110001010101001110100010000000
00001100001111000110010101110101111110110001010110111001101000001011011101001100100101100100011011101001111110110000000011110110
11011001101100100111111001011010010000100001001101110101110010000110011110101001011111001111000001011000100101010000010100101101
11001011101101011100001100001010000000011110110100111110011110000000000110110100110010100110110011010111011101010110111101010001
11100101100110110011000000001011010011110000001101101100001001010001010010101101110010010001100000000011111100110000010000001011
10100111011110000011001100011111011101011110101000110110001010000001000001110100110010100011000110100110101001000100110011110011
01000100000110111010101010001000111010100111110011011001000010101000100011101001000001010001100010000011111001111010111110001001
11001111000110011111100001100100000000010111101001111011110010110000011100000001101100110001010001101000010110011111111111101100
10001110100001101100111111110111100010100011111100100111011001011111010000100100000111111100100110001111001000010101001010001010
10110000011001000010011011001011010001111110000010010101111111010001111011101101001100111011101110010010001000111001100010100101
00010100100011101001110110100011101010000111100111100111011111010011010010011100010101000011000011110111111110111001100011111001
10100001111011110101011111000010101111110001010001110001101110011101000011011000011101111010001011000100010100000110000100010001
11001010000101101000101000111101010011110100101100010101000001011101110110010100100010111010101111111011011100001111010010001001
11101000111101111011001001001011001011001111001010001100101111000100000001101010001101101011101010001001001000100100101110010110
01010101011101100100100011000001110110100100001010110100110100010010110010001001010010011111001011101011011100010111100110011101
00111010010010111100010001010001101010111101101000101101101111110101100110000010001000101100101011011101010010011101101011111101
10100011000101101111001100010110100101101011010011001010100110100011101010111001110011110101100111100000000101110101001011010111
00011000110001100011101101101001010111010110001001001011100011111100001101110101001011101000000101110101000110001100101001000111
10010000000000110110010010111111010000101111100110111001011111001000100110010011001100100000101010111111000011010110011000110101
11011100110110011001110010001011111101101011010100011100100000111100010100100011100110100100110101000111100101010111000101000010
10101100100100001111110011011000111001000011111101011110000101000001100110101110010111111111111111101101000010110100110100000000
01000011000001001011001100001111110100010001000110011111010101100000010100010000101100110010101001111001110001110100110110111100
00100010001111001011110001100110010111011110010111110101001001100000010001110010111010011000111011011100001000000110101011001100
01001111101000011111101111100011011010000011010100110111000001001110100100110101001011000110110011101001010011101000010000110100
10100001110001001011101011101100101000111110011010101101101101011111111101110100011111100101010010111100010110100111001100000101
10010001110101010100111110011110110110111011110001000000110011101001100011001110011001101111000001010110000100001110010111111011
11100101011011001000000010010000101000111100100011001000011111111100010110011111010001100100011111110011100000100100101001100101
10100011010000011000010000000011111100001101101111110110000111000110000110001100000010100101110011000100100101100101011001000110
11010000000000010010110011100000101101001100101101010101111111001000011001011000100000100011011000000000011000011101110111111011
00010010011100000011010011011001101000001000101110011100100000000000111010000011011110111010100001111101111100011101100111111000
00010101111011001100001110001100010100101010011111110111010110100101001001111101111110011111001001100110010101100001001011001000
01101010011110101011110101000100110011111011111011110010111010001111110010101011101001011111100001101011100101011000000011100100
01010001001011010111001100001110000110000111110111010010101000010101101110001001000000000100100111110101110011100101111010111100
10001010111010110111101111100111001111010111100001100010010001000100111101010101110011101111010111101000000100101111001011000001
00101010101100100111100011110010001101000111001001111111100111110000110011100010011101011011101001101000100110001101101110111000
11001000110011011001010010110010110010110011001001000000010000010000001110110110111010010001000101111110001111111001000000001111
00011001001001010010011010111011110010111010010100001110001010011101011000000110101011110000010101001110001011010001000100101001
11100111101111111001111001101011011100111000010001100111001010101011111000000010110011110100011011010111000010010011010101000010
10101100011001001011010111010000111100111100100111001011000110001100100101111110001100010101010010000110000101011101011000110010
00000100110101110110011100111110111011110101010011110000001011011001110010111101010011000010000001011100000011111101100101110110
00100011010010101110010100010010111101000001110110001010010100110001010011011001001100100110110010100110011100010101101101110111
11000101110110110111011010001110000101100100011101110110111001101110111011010101010101111110111000010100011011000010110101100110
00011100100010010110001001100010101010010000000101000010010100001110101000100000010110001100101001101101010001011101100110100100
11000111110010001000100010001000111011011000101100000101110111001101101101001010101000011100100101011010111101101111010011000110
01001100000101101001110100100100101011111101101110110010100101110101100110101010010010011110100001110110110011101101010110100110
11100100100000011011101000010010000111101001101101101011010111110011110011111011100000111011011011000100000110110010011101010000
00000100110011001100100010101101101111001101010001111011010001111000000001011000100001110010101011001101011010101111011001111100
11011011101111111010010000101110010010111100110010010111100101010110010001101110111011001101101010110110100000000001010010100110
11000000110000010010010001111000101010111100000010011010111111101010011100111101010011010101101000101011101111001101101100111011
00000101011101110010111111010001001010101000101010000011010101100101010100011001010100110101110001100101101011101010100101100011
10000110100000010100010111011001001111100100101000101101111011110011111001001010011101010000001001101100100001010111010110111101
00011010001010111100010001010001110000110011000111011001111010001010100010110110101010101110111001111110110111010001010111110111
00011001110000101010111100011101110111010001000101101011111110111100101101110010011000100010000011011100110110010101111110100011
11111110000110011010001000010001100010000101010101001101001010100010100100011111111011001110011001110111000100111001011111010100
11011110001100010101010000100100100100000000011110010001100101110001011000111001011000100101101001001111001111010111110011111100
00100110010100011011110101110001110111011110110010111110000010101001101110001000101100001011110000100100100001110111010011111000
11010110111110010000100011011011000011010001110000111110111110110100110111001101111110011000001111011000101111110101001000101111
10001111010001110001110100101110001100000100001000011100110001101100010100011111010010010010011000010011001011101011101010111000
00011011110100000010101000101111100001100001111010111000101100111100010010101011011101010010111010110001011000011010011010100001
01011110110101001100110001010111111111101101111011111010100110011001000000001101011011111111100001100001110111110010011011100011
00010011010000010101100010111111011111110111010111110111011010101101101001110111101110011001001110101101001011010000110100000010
01000110011011011101111101010101011011000011011001101010110101010011011101111001010111111111011101010111111010011100001101001100
01011001011010100001101100011100000100001001101000100000111110011001000010110101100111000110010011011110111111000111101111111010
11111000000101010101011011111101000110001011100001010101100101101001000101010000010100000001111100010010111000101101111000111000
10101101111110100011100111001100011111101110110010000111010001011101101010111011110010011101111110000111111100011011011101110011
11000010001110001110001110010010010011101101000100001100001001111110011000010000010010000000010111101111111110111011001001010010
11111001100111011101101110101010011001111011101110011010011100111100010010010001000100011010010001010010000000100001110001010111
11100111110110000100101011001100111100110111010111001010101001110010111000110001011111110110010010111101110011000110011001100000
01100000110100101010001011101111010011000001100001101111001011110001110110011101101101001100110001111101001011100000011011101100
11101000010111011000111101101010101110100000100100010001110101101010000011011110010101010111001110000110011110110111000101110101
10100110010100001011000011111111010000110011111111000010001111001111110010100110001010101000101100100011001000110000110110000000
10110001110010010010110001010000001111001110110110011000100010110110100010101001010111110111001101101101111100110100101110100001
11110111101110000000000001111011001101111001101101111100011011100110110001111001010110001011001000100111010001000101111100101001
11000101101000010110110110000001101001101101010111010000001111111100100101001110101000010101110011010010110010011111001110101001
11101010010011111001000101010011101110011101100100000110110111100100101011000100011010000101100101110100011000010110111001110110
01011000011101001110100111101001110010010101100010101001011101100010001011000111110010001011101011000001011000010010010011111100
00010000010100001010001000101011010101010000100111001010101101111110001001110110000010101011010111100000100000110110000101001100
01000011001001010011010101010101000110010111111100001111101010101100101100000010111001100010000000101001001001011110101000001001
11110100110000110000001001111111010001001000101111111010111101111000001010101011001001011111010110100001000001100010101100010101
00001011101011100110110100010000111100000101100011011100010010111010010010111110001011000101000100111011011011110101101010011001
00110101111010100010000110101011101101011111110101011101111110000100011010101000011010110110001111101000111111010111110111100010
11000110001011110100010011010011011010101101110110100111011001111011110000101100011110011111100011001000000000101101000100111001
10101000011011000110011011011100100100001010101101011011011010101011000100101100001100111110001000111111011011110101110001001010
11101011010001100111111000100101111110001100101100100001001110000110100111100010100111011011111001101011101101100110111101101011
00111001011100111010011010010110101010100011001110111011111010010011111100010000010011000111100000010110000110010011001110011000
00011011101100111011101110110001101111101110100100101110011101111100000110100010111101010100100110101011001111110111000111111011
10111100010100010011101100001011001010110111111100001001011110110001001011100010010100100110100100001010010100000101000001111100
00000110101110101111110000001111001011101010000110011101000010011011011110001110010011100110010101011100000011000110101110101010
11101001001001010101001111100000110101101000101100111101111101100110111110001010010010011011001111100000111100100111101100010110
00011011011001111000110001001100001001010100111011100000111111010111110001000111001001011011001011100010110111011100101101000000
10001010110110000000001001101101011010110111011001000010000000111100110111100001101001101000011111110011111111011111000111110000
10000101000110101011100101010010100011011001011001101000000000011000000101101111000010001001110011111111010001000000010010010100
01111110000000111001101101111000110100011010101110010011111000101111011000110000110000100010011100111001110100101111011000111100
11100100010111000100010100101011110001101110000111001101101111011000000111011001011000100001001011011101100101010101100100000000
10011111010111000000101111101000001010000110011000001011110011111110010111011111000100011001110110100001000001111001010110000100
10011001110111110100110100001110000110011001101111100011001101100100001011001001111010011101111101100000010111000101010011000011
11000111101111001000001100100110101110111111011000011011001110100110100110101111101110100110100100000110011010000011010011110011
11110011110111010110110110100101001010010010010111011101000001010001001010000011100111100011101010000010111100110100100010110111
10101000000011111011100100111000101110001000110010100010110000011111011110000111001111011101001110110111011110010011101011001100
01001110111001001001011001011011011001101110010000101001000000110010010111100000011100110101111010101010111101111001101001110111
10010110100010111100001111101011001110000001010000110101101010000001101011101000001110101100100110010010100010000000010001010111
10111001100100110101110101100110011100110000100010001010010000001110111111100111101000010110000010100111101101100000000010101011
01110110010011011000101110010111010000001100110011010001100010100101011111111000111000011001011000110100001010101011001100011110
00001011011001010101001111001001000101001000000010111010110001001011010110010100101101101110111110111010011101010111011110110000
10110011111001101100111101111000010101101101001100101011011110011111100111000100110100001101000110101011010001000110110011111000
00100001001110100101100110001011000010110101000111001000100100101110001111010010010111011110111110111110100011011011100011000010
11101010111000010110100010101111011011001110001011101111110100000010010111110011000010110000110011001010110010100010110100011110
01100110001001100111000111110110111011110011111000011101101000111101111111100110100000100101000001011010001100011101101001100011
10110100000011110111011101110001111111101000100101010011101111010101111101101101001011100100000011000000101101100011111101110110
00001001101011111000011111101010100010010111000010100011111000011110011100111101110110001010111111101011011001000111000110001100
00011000101010101000011001100001111010100001011101011110010000000001001010000100010111011100011100101011011111100010001101010011
01011111110000000111101110011001001000111011110011000100100010010011000010000011110110101100100001110101010110100010111111000100
00111010001001100010000101100101111000100111100101111001000111100001001100000110101001001010110000111011101011001001001001111111
01001000111101011010101010000010000010101000100100111000011000000101010100110000011001011000011111010111001011100000100100111011
10100010011111101000111000111001001001011010001101100001100011111011110010111100011010101110010011011111010010101000101111110011
00010101011100011000110111100001110111101011001011001111110010011100000011001111000011110101000000000100110110111000111101010100
01111101010101001111111001101011000111111001011000010010011001101111110101010000010100101011101110000010001010100000010101101110
00110110110100111101101000111010111100001101000010010011011100000100111001010110000100010101001010000001100100111100100110001101
11001100010011101100101011101111011010010001110100110100111111000001000010010011101010100010100011110000001001000101110110111101
11001110101001000110101001001011001010000111011010001101101101110110100010111001110110000011010100001000110010000110011101110001
10010001001100001100010110100000100011111001000010001011000001000111111010111111101010001001110111100111101111101110101010010111
11100000110110100010101011001101001110001010111101000010010111011100000001001011101111110010011100101011001010000101111011100101
01000010110001100010110001001011011001011101000100001011101010011011000100011001000111001011111101000010001011000000110101100101
00111100010010100001111101011000011001001001010110100011000011100001011010110111011101101010010001010101000110011101100110110111
00010010001111000101001000111110011100011111110100000100111000010101111101111110101101011100010100100000001111010101110111101110
00001111010011101110110000000111010101011101111111100000101100111011111011001011001111011001010100100001100001100100001000111001
11011000000100101110010010011101001100110011100001010010100100100000100100100010011110110100001101101010001101100100000011000000
10001110010110010110001101100001011101000100110110110110011110101100011110111101000000101101011101100011110010001110100000001100
11001011110001100011001000100011010000000011011101000011000000101110100111111101111000100110011101111000110110000010010001100001
11001110111100001000000101001101010100001001111011111000101000010110110011001101101011100011111010111010110100000000010000011111
11011010100001001010011111100010111101111011100001111000010111000101100101010110010111110101011010111001100100110101010110011010
10000001110001101111111101111001001101000111001100111101100001100111110001010001101011010000010001010000100010001011110110010100
10000010111101101110010110110000011001001100111110101001001101100110000000100011011011001100010011101010111100110110001011010100
00010110001111000110000110110001010111000100001011000001101111110111110100111011001101010011111100110000101010001011110111011011
00100110101000000100111111011011101101101100010001001011000100101000000010100001001100010000010111101001011010010110010001010111
00011101010100100001001001111101000000110010111111100110101100000101010000001110000001101111011011001010100101010101101000110110
10011110111000100110000111011110101110001001011111001001100100010000111010101001000011110100001000101000010011010010001100000110
00011001011010100000110010101001100011101010101000001001000010111010010010001111110100001010001111000000010001010010011010000111
00011000110000011111101000011101010111001101110010010000010110011100010101100011100011100010011011010101001100101111101110001110
11001100011001100101111000111110110000000110010111010011000011111000011000110100010111101011011111010100010001010000110110001001
01111100000101000010000100100001100111111011000000011010110011000111011111001001101000111110100010110010110000100111011010101010
00100010100010000101101001101010100010010100000011001100101011100101110101111101111111001100110010101001100110001110100110110101
10110111101001101101100001001100100111001100011001100100011000010011011111011111110010000010111100111010001111000000110000000110
11011101101110110001001111000000101111110101110001110100100010110111101111100110100000101010001000001000010010000101000001111100
10111100111011000010111100111010011100111110001101100000101011110001011110001111000110011100111100100010011100010111001001111101
00011100101110100100101111001001110100110011011100100110011101010110011110000001011101110110110110100101111101101000101100111010
11111011101111000101100101010011011010011000011110100100011001011001011000101100011000011101110101001100010110100011111000001000
11100111010110000000100111010110110000001101010000011001000000010011111101001010000000011110011001011011101111111110100000111111
01001100101001110011000011111101001100000110000110111010111100110010110000000010100001011101111110010011101011011001111111100010
00000001000000101111000111101010011000100100000101000100110111111010011010011110110100010101010111101110000100011001110111111100
10010010011100010110010000110010110100100000001010111011100011010011111010111111001010000110000101011000111011000000011000001011
10101101000101100100110000101110010111000101100001101010111110011001000110100011011110001001111111100101111011110100000010011111
11010110001110101001010010011110000000001001101001110000011001100110111100100110111110011010011101010010001010011111001111001101
10110011010111011001001100111011010010100101111010100111001010101010000100111100110100101010110000111001001011010010111000110011
00011000000000011000011011011000001011010100011101101011101000001011111111000111101110000010100011001101011000101100110111100100
01111000010110010111011101000110011011111001100110100011001110000111010101111000110010000011001100110001000010110011010010011000
00111101000000001000011110110011001001010101001000111010111110100010101000110000001010101001010001001000110010011101111000101100
10001011100001100101100000001010101000000000011101101110111010000110111011111001110101101100100011010111001110000111010010011000
00111111001101011010101110010111001100101101110011001011010001001111000110111110000001001110111110111010111100001010010001010010
10110100100001110010111101011100111100001000010011010101010101110011111110100001101110100000110100011100101000000011011100100011
00010001010000010011010101011110000100011101010101011001101111100101001010110011000111110011111110011011111001000101111011010001
01011101100111111111000001010110101001101101110010101100111011111011110110110011011010100100000101110010110111011011011000011111
00011010110011000111111000100101011100000100111000001110110111000110011110001101011010001110111111001110111111000010110100100111
11111011110000110011101100110000110010010000010001000010011111110111100110100100111101011001001000011001110100111000111001011010
10010000010000111011000001011100011001010111010011101001110111111110100001000101100001000101110000001010001110011101100011100000
01100110111001001111111010111001001000000101001111011011111010101001000101000000000010001001001011111100101110100001000000101110
01011110011000001100011110101001100110111100110001000011110100111101111101010011011011010110111000111100101100001010100100110100
01000010000111010100010011110001001111100110100101101010110101011110101010100100101011101101101101011111110000010101001001011100
01110011110010111101100100100101100111111111100110110010111110111001101101110011000000010101111111001000011101100100010010101101
00111111000001000001011111100000100110100011011000101111001101000001101101111110000001100100010101001111010011100001001101000110
11101011000001101010010000111101101011110011001101000101010100001000110111111010100001111111000011011010101111111100011110001010
11010011101110100010001000111010011011000110000000000101110001010100000010000101000100000010001100010100100010000111010100100001
01011101101101010010001110010010011001100000101000010000000001110111100110010100000001110100011001001101100011101101100100000111
10110000100000100001100101111010110110011100110001001111101110000001100010011110001001110100001011111010010111100001000010001011
01011110110001001101000110001000100011000101100111000111011011011110100000000000100101011101011100100011101101001011011111001010
01011011011011101100110100010100010010001001111100001010110111001100000001011100000100010011101100011100111111110111100000000110
10011111111110000001010100011000010110100101101111000111001101101001010010001000000011001111011101110111110000100101011000101010
00011011010100100110110100000000001111110001001100100100001000000001111111111110011100011110000111111101101000010001100001101000
01101110110011110100011110010001111010111000010100000001011110111000111000000001101100101010000111001001011101110100101010001110
10101111001111100010100010110111100101011001010001011110011100111110000110110000011110101010000111001101011111111000110110010000
00101010110101011010001011001100011111000001110000000111011100001110100101111101010001110000111001101010100011111011111001101111
11010100010001111110111011011010111001111001011011111001011100011100100110111111000100000111000110000111100100101011000100111011
11001000101000011011111100011000011000000001110101000101000011010101010111011101010110101111111110111000010110010001011011001001
01010000010011010110100101110110110000010010001010110011111111000101011000010100101000010000010001100100111000101101000011101001
11011010110011101010110000100100010111000000011111100100101001111011000011010101100011100011011110111100111011010000100011100000
10100001101000000000001110000101111100100111110101011100000001000101000001100101001000111101100100101001110001101100100000101101
11011111010011011001011110011011000110100111111100000000001010100110001101001100001010110001011111000110101001001101010011101101
10001001101000011000100110111111001110011100110111001111011101101111100010011101011001100101001101111101010010111100011100110110
00001111000010000100110110010100001111001011101100111101000001001010001101011101100001100100101011000110101011001000011000001010
00000111011111001100000010101011110101000111001010100011010111100000000100011110101101101011001011110011110000001100110100100011
01101010001111110001000010111101100101010110111101010011011111101001001000111011010110110000000101110111000100000100000010011101
00001110100000000111001011110000110011011001101101101011101001110111001001000011110110100001111011011111101001000101000010111011
10000111101110001000100111011010111110000100000100101100100000001010010001111001100011101110101100111100011010011001011000100000
00001010111101111011111010010101001110100000100110000111000001101011000010001100000011101101010111001111001111111100111101101110
11100110011011101001010011111101010010000100010000100110001101111111001101010111111100111111011101000101010100001000110111110001
00010101000111111000001111001101011010101111110000010001011011011011010100000010101110011100110111110101010111011111101111000100
01111000000111010111010000011110010011000000000111010010001100010111011010110110010001100111101001000111000100101010111001001110
11110110000010100110011011100111010111001010010000000000110100111001110101110011110100010001011011001000101110100110111101011010
01110010001110001111110101010110011011001010100010110010111001010000100101000100011100000100110111011000110011011000111001011101
10010001000100000010100010011011000000011111101110101111101110111011000100111100101011010001110111111100011101000000100110101010
11000000010110101111001111110110010111101000111001101000010000000000000011011011110100101111001101011100101010100100010101111110
10111001100011101000000110111001000010100111110011111100101110110000101111001100110000011101101101101101001010111100110001011010
01111001111110110101001100100100100011000100111011110010001110001010011010000010110000100010110000010100111111101110001101101110
10011101111010010101010101011010110010000101100101000111110111001110010001010001111100110000100101010101010101111111110001000111
01011010011001110010111011011001101111010101001110110000011101011110010011101110110010100110100101111001100101011000000010100111
11110000011001111011001001010111110001101111100100110000001101111100110101000000011110011100010110000100111001011011110001101100
11111111000001111000111100001101101000110011010010110111101001110000000111000001100010111000101110110011001000001111111001010110
00110100110100000010110001010011100011011010000000000011111100111101001000101110001011100101101011101111001100111100001010011011
01001000111100010001101000011100111000100100101111110111001000110110011011001000010101110000101101100001111111111110000000010000
11110111011000110110011101000001111010101110011000010100001110000111011111101101110001111111000010101110000100100101111101001100
11100000110010110110110100000101001110000110111100000000010101001001101010101100010100010011100011011010011001111011001100110110
00001111000110001110000101111001100010000110011110010110101100100110101000011100001010101010101100000111010110111100100010101011
00110100110011010001100011000011101010111011111101011000001010000001100110111100011101101011001100110110010101011100010010011011
01000111010010100010110110101000101111000011001101001101110111010100001111111000110101101010001001001010011100011111110111001011
11111110111010000101111000010101101010010010100000111000000001010100001011010010101101000010111110000010110011110100010111110111
01101111110011100110101011110110111001000011100010100000011011011011001100110100011001111110000001011101000001110110000110011001
01100011001101010100000011001010111011100101000011000000001110000101111111110111111111100101101110001001010110010110110010110101
10101110110111100111011000101011111111001110111111011111011110100010110011000011000111000100101011011001001111100110010101111110
11110000001010111111011110111000010110111001001011010110100110000100110001110101001000101010010100100010010100110101011010110010
10001101111110001000010100011011101111101010110000100100001000110111000110111101001110010011111101001111110011011011010110000110
00001000010111111111111110001111111000010110110110000010110101011100001010101000111001011010000000011110100101010010011100110100
01101101010111101000111101101111101100011101101101000110000101100111100110001100001001001100110000000010101010011100010001000101
00010010001000100110101101011100100110111100000010000110110000101000000001110001101000000011010100011111100001111010000000000011
01111110010000001100110011011001001111110011001101101010111000110110011011010010101001011000000000010101011001010010001101011101
00100110010110101001101110000100000011110101101011110111001111011101000001000101000111101000010111110000100100010110101001111100
10100000101111000101111000111001010000100011111111000100011111111000011001011100111100101000101110111011100001000100010000110101
01001110111100101001100011001101101110001111101011110010010111111111101011111001000001000110011100011000101001111111011010011110
11010110111110101001101010011111001011000000101101000001000100100010100010010110011100111011011000011101100011100111001010111000
00101100101011101101010111100110111000111101100011010011100011000100000110110011111011000000101101010010000111010011110111111100
00101110010011101110110100101111000010110000000011100011100011101101100001100010100101101000011011000111101000110010100001101011
00110100110011100101100110001101010110101111001111000111111110111100110100011000101011111100111110100100000100001111010100001101
01000010010111110101000010101101101101010111110010001010011110100111000001101101111000100011001110011111000001000000110111100101
11011001001010100001001100010001101100100001001000110100110011100011010010000101100100110111111101011110110000010100001010001000
00110111100111001111111100000000111011100101011000111101110101100101101100111010000011011001010110111101010011100010110110000111
01010110001000010101111100011010010110100000010101000000000111011011000111001011100101111010001000000110011011101001011010111111
00111011000001000001100001011111011110101101100100011011011010010001100001101001000101000001110001101001011001000111010111001011
10001000000000011111100101111000001111100101110111110011010000001001010001001111101110011110010101010001010101010001110111000111
01100000111100010001010011111011101010111011110010110110110110101010101011100100111011010010111110011101001100000101000001011000
01011011010111000001000001001001001100000001100110100110111000011111010000100100001010010010011001000110001010111100010100110000
00011111110010100111010101101010011111010000100101111010101001001000001100110000001101101011001101100001111101110000101011101110
10100011010010110101101000011001011100111110110100010000111000011000100101100110100110001110111111011110011010000111110111100010
11001000001001010101010000011001111111010101100001010011000111001001110110010110110110101101111010111110110100100000001100001110
00101001110001101000000001100111011110111110000110101110110010111100100010101001001101011010000000111010110100010001011001010110
11111011001010000011110001110010010101110100011111111010000000111011000000101001110001111101101000110110100001010110001000011100
10101001000001001000100010111111001110000011011000100001011001011001101111011001111001101001111011101111111110100110101111011011
10100100110001000101100100100100110001100000000111110000110000010110111111110111000111011110000100100001100011010010101011011000
01010000010101101111000010101000101100000110000101000100111000111110111100011001010011010101110110110011100111100010011011011100
01110010010111111101011111011101100111111001101011110100001011111001100001111010100000110101110111001001010011101000001101001101
11101011011100001010010111110110010011111001001001010110111011001011111000010010101001110010010100001111110001011111110000011000
00011111010010111000000110111110000001101100010101110011001110110111100011010010011001111000111011010100000011101000111000010000
01110011001001001100001000001111110011111101101000000101100110011001011100011100000010100100101000101011110010111010101000010101
01011010100111010111000111110000110011001101111101010011101010010000111000111111110000100010111011000110011001000011101111010001
01101101100011011001010000011011000000101110110101100110001010101001010010000011010001100011101000010010010000100010011110111011
00010111100001110100110011010001001110100110010011101111001101000100101111010001010001011010000011110000111111101011111000101000
11001000001010011101000100110100011110011010101011100110101101110000010100100010011100001100110011111101000100101010110111011011
10000110110100101101010101100001110110101000000011110101000000011111010100000001000011100011100011010100100101110110100010101101
10101101100010010110101000000110111101001110011101101000001101001111110000111111001010011011100101011010011100111110100101000100
01011100101110001100110110111000101000001111111100101110100001010110101110010001100001100001100011101000001100010101101010110001
10010001111001100010011110001110001101110010101100000100010110010001011000001110010111000001011100100111010101010000001000111011
01110001000000010110101001110110111011010111101100011000010001111101110111011111110110010111011100100101110001101101000111010010
00010011000101100111100110011111001111101111001011010100010100101110011111100000100110011110001111101110111110111110011100000010
01110111101011110100010100100101111011001010011001111111100001011001100010000001100011110000001000111001101001001101100010001100
11010110000101101111010110010011000101110100001101011110110000111011001010101101100100100000000111000100100000101010110110000110
10001010100100101000001110011101111000100000111111001100111100011111000010011001111111101100110000100010011001111000101010000111
00111100001010000011010100001001110110110111011110111000001011101110011110000010111100111011111101111011000100111001101110111011
01000111111111000001101000010101110000011011001001101001111110110010100111011101100101100101010000100010011100000010000101011000
00011010101101110010111101001111110011110000011100101000000011110000100101100010100111000101011010000010101110110010000000001000
10111010101010010011111111100011111100001101101000001111101110110011100001000100011001111001001111111000100100100101101011101100
01001101010101111001010001100101000111100010000001101111010111011101101010110010000111110001011010100111111001110010001001100000
11000001100110101110000000010010111111100001100101011001100001100001110111100001101011010000101011100101101000010011110111010110
00010100010010001010000001111110110001011111100010000100001111100011100010010111110100101000101111100111100011000101011000101010
00010111101000011101010001101011000101001011111010111111000010001000111101100001111101111101110110010101110110110010111001001110
00111100111010110001010111000110000111110100010001100100000110110111101101111100001000100011001011000001101001001101010111001100
01100001101010011001100100011001010101001000110111010111111110011110001010100000000101000101100100101010011110001111001000011110
11010110001010101010011111011110000001010000010100010100011111010000010011100110001111110000000110110000001101010010010011100111
00101000000010010011101101001001101001000001000010000110001001001110001001001100111101110010000001000001100101110110101001000100
11111101010001100100011100110001010101000010101110101010000100111110011100011001000000001001001100010100110000010010010110110100
01011000111111001010011111000100011100010000101111101100001111110010111001111101101010010100111011010101101100111010011101110000
10100010000001100010101100111100001010001111000111001101110110010010111100001001001000011010111010000100011001001111101100111100
00101111001011000010101000101111100011001101000000001110101001100000110111010010010101100100011010111101001101010101000001000100
11001011011010011001001010110101100100101100010101111011111111100101011100110011000110011100110100011001110101110101110001110000
10011000001111011100010100101010110111010011001111001101110110110011100011011100101111000000110110001011100010001011010110100010
01011101101101100011010110000110010111101101100010000100001111010001100010100011101101010111011101101010100110010110010100000010
11111110101111111110100100001011101100110110100100100101111111101010111110110001110100010000111011011100011111110000011000011100
00101000111000110000110101111111111011100000010010001100111101001100110101111001110011111100100101110110110101100010100010101110
10010111001010001001011110000111100010011111101111001111100101010111110100001001110100111111000000010100001000111011011000101000
10100100011000111110101011000011000101110001011001111001011000101010000010100000001010111100001011101001010111110000011010001001
00000000011111000001101011100011110101100010010001001110101100000100010111111010010101001011110100000011001111111100100001111100
00000110110010101100100110110001110110010110101010100101011010100100000011011000000100100011111101001000011001111011110101100010
01101111000100000011101001100100000010101001011010011001100000110010111111100101110111000110000011110101111011100101111111101010
01001011101001111010110101011100000010111111010111011000010111111001101101110011000111000000100110001000100101010001010100000111
00100001101101111011101000111010101010110000100000011111100110001011010010111101101000011111010011011111100011000000001011101110
01000000011011000001001001011001111001011001011011010110000011101001000000000010110010100010100011111010000000110100011111011010
10111010001101011111101001000010000011001111001000110001011101001110110100110111111111000111011010101001010100010110010101011010
10110111010101111011001111010011101110011011101010010011101101000111001011101101011010010001000001010011110010101101000111110100
00010101101100110001110110110010100011010001110010011011100101000010110101110100111010001000011000001010010111011101011000000101
00101010011011100001111110001011000001000111111100100100101010101011111111001100000011000100100011111100011000001110000010110100
01000001011000001100000110101000101101011010011111000011011100101010100111111010001101011011101100001011111000000011111101011011
11000001101001011000011100111111110100001101100010111011001100101010010010100010011111111011101110000001001010101011101100010001
01010010110001101101011101011001000010010000111011010110101010101111001100010000110000111000010100001101011000101111101100101101
01010111001000010011101000100101000101101100110111001000000010101111100011011010100110100110110101100000011000010011110001110110
10010101100101011011100000011101000001001011011101011010011110101011100000101100111111100010111001000001011010110010010011111010
00101010110011000001001101111001001101101111000000111110011001101011001100001000110000001111111001100001100101011000110010010011
11100110110011011100011001100011100110010001001011000001010111101011011010000000010111011110010110101100000001100111100001000001
11111100000011001001110010010010100110100011101111011100110001110000101110011111100011001011010000111001110010000010001100111011
01100000000101000010110110011100110010011000000010010111000111000111011100001101011000100011110010011010101010111001010110110110
10111000101110100000000000100111100101100000011000001111110100111101001101110100110100000011011111100011100011101111010011000111
11110111000110110111111111110001111110011100010010010110011111111110001001000101010000100011111100001011010011101010000011000010
01100011011111100101110010110010000101101111000011101111110110110111101010010110010111011011101010111011001010100101000110100000
00100110011110010000010101100110101011010001011010100111011000010011110101000011100101100011110111000101011010001101011100100110
11110010000010010111011010101011000100100001010001101011111101010000100111001111001100110110100000110101011010100100100001110001
00100000001000000001100010110001011101010110101000100100110001111000011111011100101001010111000110100101111101100011010011101110
10100111101011101010110000110101100000000111010001100000110010100100101000100001101010110010100000111100101110100111000110010111
01101100101000001000101111110101110101000010011000111101000001001011111100111001110110010001000100100010110011110001100111011001
00001111111110110000111001101110100011011011011010100010000101001001011010000010000000010011011010010100110001100111101110011000
11100111000011000110000001011001000110101101100100111100010010010111110001001111110111001010101010110011011011011011111101010000
01001001110111011001111011111101101000110101000000000010100000010101001010110010100000000100110001101110000000011010111001001100
00001010101000010101000101011011000011011001100001001101100110011010001001111001010011010001111110100101001011011000011011010010
10111001111101010110110001111100101011101000110111101000100000010001111010101011101000110010010000111111010010000001101100000000
11010000111111011010001100101111111111001011100101110110111110001100100101100001110011110010111011000111010110010010010000111110
10000001010000110011001111100100010100000110110010110110110010101010011100010010000010111011011000000110011001001000100111001111
01111001001111110011010101110010000000111110010000011010000110001011110100101000101110110110101000010111111001010111110010101101
10011110100110011110100000101110111010111000001101100011001101111000101010100011111110101111010111010100000001000111011100011111
00110001110101100010101111011000011101001111000001001010010110101010110010001000001010011100001111100100011000100000011001110010
00000011011010011000001110110001111000100000001101010101001000100110000001001001000110100111101111110011011010000010110011100111
11010010011101111101100000011010110101001100010010100100111110110101000101111000010111011011100110110110111101001100101101101010
11000010010110001100011101111101111101100011100011001110100000111000110100001011100110111110111000100000100001101000011001101100
11000100101111011000011110111111101010000001110110101110110100100000010100111011111000111010000100100011001011010010011101100111
00001001000010110001010000001110011001101110000111011101101101100010001001110100001010000100011010011111001110111100111001111001
10001100110000111110111100111110100001000010101011101100111110011000111000001111111101110001010101111111001000101111101100100000
01110011001111110000101100001111001010110011101011000110100001100110010001011101110011101111001001011101110101101101111001001101
01100001100011001001001011111101010001010110010001111111101010010000101011011101111111111000010001101111011110011111001110001000
00101011001100100100011000111000100100110110001011100111001110001101101101111001100100100100111101110100001001001011110011001011
01100001100110100101001110001001100100000011000001011101101100000010110110110110100101011010000010100110001010110100101011010100
01100001111100001000000000010110011000110111111011110110011100100111010011010111110000101001100011000011010011101110100010011000
01100111110110010101110001111111100111100100101101011110100010110110010011111000101100100000011001110100010001011001111101111001
11011111101010011110100001010101100000000111010111101110110111011100110011111110110000000111101110100011100100100110000110111000
11011110010001011101110000110110111101100101001010000100101011100010100100111111000011011011111010100010001111110100010011101010
01101011110011100010110000011000001010010000100001101000001111100110111001100101101000010101100000011010000111010010001101001111
01001100000011010101101100010011111011111111001100101110011100100000110011001100000000100110110100001111111110001001111111101110
10011001001001001010000111101000111101010100101111001111001110010101111010111011001101010010000011010111100011110010110000001001
11100011110100101000001101010011111010100111010100010011111001010100111101100101110111010101111000101111010001001011110110101001
00001000111100000001000111100011000000111011110001101000111111001010011110100100110001011011111010100000101000010100011000101100
10100100100101100101010111111000000111000001010100101000111110010111101011000001011000011110101110011100110110011000001110110111
10010110101110000111000011111110100010001101110110110001110010100011100011000011000100101000011101001000110100001101111111110101
01011001111101101100000101000111110000010001011001011100111100110111000110000011100010101100110111011111101001100110000010001100
01100111001001000101011011100100001110001100010011011010110110011001001000010001111111000011101101101111100001111010010000101010
11001000000000110001001010111001110110010000001000101101010111000001110011111101000011111000100110111100011110011001101001001001
11100011101011010111011100111110010101101011000101011000010000101100100100011111001010001011000111110110011000111110101011001101
11011111011101111110010110000011000101100000110111010111010100100001000001011111100111001111011101111000101111101010110101011100
10001101000011010111101011100010010001011011011010001100001010001001001101000110001011100101000001110110110001111111101001001011
00000000000000000000000000000000000000000000000000000000000000000000000000000000000000000000110100110101100110111100000111010100
