11110101111101101010011111111111110011001000100101001111110100011000010001010011000110110100000000000000001010001111000100001111
00011001010111000000110001100001110000100000011001100000111110000110100110000100111001111010011000010110110110101001001000110100
00110000000111100001111101000100011011101100001001001101010000000001000110011010001110101100100000010101111100101111001010100000
00011001001011101011111100000111110101001011111110001100011110001011110100101011010110001100100110100001100001011111111001111101
11111000101111000010110010100001101011111001010111000001110100001011101010001100011111100001111000000011001110111110000110111110
10010010011111010100110000100010100101111110110111000000111000110100010010111001111001111101011011001000011110000111100100001101
10101010100111000100100001011101000110110000011011010111010111111011100111110111101011101101000011001101100111001110001100100011
00010111100111000101010101000010001101010100000110101010011010100011101111100010110011100010101110000110001010101100001010001111
10000011100010110001000111011001011111001111111010010101010001000101111111110110101001101010011000101100100100000000001110000101
01100100001001000100011110101011110110111101111110001101100000000101100000101111101010111000001101100010001010011001111001100101
00110011110000011010111010101010100110100111101111101100110000111100110100001111110101100011011111010000111010110100000111101110
11111100001101000101100001000100100011001000111011010010001110001101110010010001000100100011011101010000111011001101111110011001
01000001011010111001011100110111000010010110011111011000110100100101100010000111010110011001111001111001010000010001000010100010
00101101000101101110000111100110101001010000101011101101001100110000010001101010100101011101010011111111110010111010110011001011
11100010100000100001011100101011110100000011010011111111000110110000111000111100111111010001010101110011100110000101000001011000
00000010100001111110000000101110110110011010100100111011111110001011011111100011001001100110010011010011001001001101010000100100
01000101001100001100010011011010111011110100010011011011010101010010101000111001111001001000011110100000111100000000000100101010
11100010000111010011000111011000110011101100001011000110010000010101100000011010000101111001100001011101000001111110010100010001
01000010100101001111101001000011000100100001101001100000010001001010101000000001101100100111001011101101010010001100110111100110
11001011000011111111001000111101110100100111011010111100100101111010100011101111011101111001011110001001111111111010101111000111
11001001001101011011001011111000110011100010010011110001011110101001110001101111110000011101010011100001001111000000000010111011
00110100001001111000111001110001010111000100110000001101011000010100010010011011000010100100111010010011111010001110100110011111
11100111011101010101010010110100010010110001010111010001001111001000000100111111110010110110110110001000000110101100000110111010
01010101110010100111000100100101110010110100101101111101011001100001000101000010000111010110100101101111010100100101100010001000
01010000010011101001111100000111000000101011010000001101011110010110111010111110100000011111010110011100001010100010101101111011
00110010000100101001010001010000011011111010110101101001001010011100101100000011001110100101001110001000001011010011100101110111
00001110001100001000100111101110110001100010001001011011101000010110101000111110001010100100010000101100110101101100000100110000
01001101101111000100001111101101110000101111100000111011110111010001100100011001001111000000010000000001001100001111001001001001
01101010100110000001101000110000000001111111000100111111111100010010110011110110111001111101100111111110100110000011000011000101
11010111100001110011010111111110000101001000001000101000000000110111010011110011101111001100001110111100100100100111101011101101
00100010110110100110010001000010110010011101010000010010001100101000000101001001100011001110001110000110010000110001110100001110
01111010011110010100111110101110101111000100010010000011100001010001111100100100111011111111111100011000011010111101001111100011
11111011001011000001101111111110101000110000000001011010000111101001000100101110110110001010000011000100010010000100011110000000
00110011110101110100000110100011101000110101100011111001100110001010100001110101111111011000000110111000101101010011010010101110
10000100011010101000010011100010011111011110101110001011111001001000011000001100011110111111011111101111110010101011010111011011
01011011100110000001110101111100011001011001101010100111010010000010011000010100011110110000001010111010011011101100000101101001
01101100111110001010101110010010011111110000100011110011011111100100100010010010100101101011011100110001011110100010001010001001
10111001001101001110110000101000010001111111100001100000111110111001100111110110000010010111110111010001011111110110100000101100
01000111001110101011010100011011101011101011110001001010011110100101001010001010000110101011100111010011011101100001101001011100
00010011011001110110110000100100011000101111001111110000000000000001100110101111000101010100110110010011000001001011101110001000
00100110011101101111101011101101100111110001001010000000111111110000011011111111101001101011000001101111110001111111011010000011
01010111101110000011111000010001000111010001111110010010011110100111110001001010100001000110110101100101011100101010100110000000
11001110100101010000111101011001111100000101100100111111000010100010001111001010001001111111010000101101001111001100101110111000
01011000011011101111110101000000100111101010110001110100000010101101010011010110010000111111000000010010110001000001101000110010
10011111101011000110110011001011100100111110010110110010001001101111111010101101001110011110000110010100001101010001101010001110
01100001110001111111111001111001110110001111011110001011001010110001010111100011011001010100101110101001011110111000010001101000
11100010111010101101010101000110000101000111110110010011000110001010010111110000111101111100011011110101010101010001010011100011
10100001000011010110110101111000001111010100101101001101100101101010011110111101000100111001100000000010101010110111010100100011
11000110000100001000001101111010011100011000001110110101110000000100101001110110001110001011010010111110000010000100111110000011
10011010111011000101101111001100001000010100111011100010011111100100101010001100111001100011111100011101010010101111100100101100
01011000111011100100001100101110000100100110011000011110011001110110001100110111110100100000100101100001110011011000000000000110
11011110110000100011000111001000001101001101001100011010111110011101101011010111001111101111000001111110000001100011100011000001
01100111101101010001111000110011100011011011011011001000111000010011000111000101101010100100100000110011011101001011101000101001
10100101010111101001111011001111100101000111100010010000000111101001100000010101110011001011010110110011010101010001100011111101
00111100010010101100010000000011001100100011011101010101110101001001000010011011000001100010000110110011001000100110101001011010
00111001111010111010101001101001001101010001000011111110100010110011000000100101111000110010110110101111100101001111101011001110
11001111000010111000110011110010010100000111001001101011110010100110110011010100111110001001010010100111111110100110010101101111
00010010101111001111100101110100000001111000111001100111111100000110001001000100010111100010011110000110001100100001111111001110
10111000101001000001101111110110111100110001111100111000100011100011010101001101111001101011110000111010000001010110010110011101
11101111000010010011101011001001010110111010101101100000101010101000101001000010100101011111100000100001101010000110110100101001
01011010011111110111010010101010000010111110111010000100000101110111110011001101000000001001101111010000001101011010101101111100
10001001010011001100101111010111110111010111110011010000110011011011100110111011011010100000010110010011110111110100010111101000
01100100010011011110100001010101001011000100001101110000000110000111110101000000010101101010010010111110111110001101100111100100
11111111110011100100100010100001101010011011011011011001010100111101100011011001101001010000000000101000110011010011001011110001
01100001111010100000101110100111110001110111010100001011011000011001011000001000010010111001000000011111110000011011110101101010
10110001101000011101010010010011011000110011100011111111100110011011011010000111011110101101110100100010110100001111000100010111
10110101010110011101110011100101101101000001001100000011001101100111010110001001001001101100001101111100000000111010100011010110
10101010010110101010010011001110101010000101000110011101001110010101101110000110001110011010111100110000000011011111110100100110
10001011000001100101010101100001010010010110111111011011000100101110001110000010010011111011111100000111000110100001011000001111
11010110001010000101000100001100101110101100100010001100010110001111000101010100010000010000100110100000001101010011101100010110
11000111101110001111100010111100101010010011110011110001011010010001100111101111111000011101100001111000001111001001101011101100
10010011001010111111001101011010000001011100110010000100101011101111010101010001010111000110011111010001101100100100010111000010
11001111010101101111101010010101111101111101001100001110111000011110010111100010000110001010010011111110011001110110101010001011
00101001100100000111111011010010101100011011011000101111101000001110100011011011110101111010100101111100010110110111101010101110
11111001101100110111010110010101011101011111111101000011000101111100001010010010110010110100010011010111111001110001100100110101
11001111111001111111111110000101011111011001000000011110001000110100010110110110000110001100010110100000101100111100110110101011
01011101101101100001111000101000111010010011000000011100000001011010010011010000111010000011011001101100011010100001101000100110
10111010000000111000011011011101010001001110100110001111011101110011100001111001011001100101100001001111101100100101110000001001
10101000010110011011011110010011011101011010101000011100100000111111110101001111100001011010000100101100110110011111110110100001
10010110101001011111000110101000110101001001101111101100100011110100100000011100100100011101000101000101010110011101011001110001
00011110010001101001000010111110100001110111011111001101000111111111111110001110011110100110110111100001010111110101001010001001
00001101001010101110011101101010000101011111010100001010010010010110001101101110101010111000101011100110000101000100100010111111
00001001011110001110100110111000011100100011100010100100101110101000100110101011010011000011010001000000111111110010000000001000
00100011101101011001100000101100111011001100110111001101110110110111011001010110101111010101010001101011001100110100100011101011
11001101011111111100111101011100101011001100101000010011101010101011001000011011010001000000100100011101011011111000000101110001
11010100111010010001110010101100110101100101001001010100101111110011101111000101001011111011001111101001110010011010111101000101
10100101001100010110111100101111100001110100100111011101010010011101010101000111011011100110111101110100101000110111101001011010
10000001010100001000100011111101000011001110101101110101110110101111100101001000111101100111111110100111010010001011010010110101
00010000110011011001001110110000111110011000110001110100101110000100100111010111101011101111111100110110011100100100010111011010
11001100000111000010001111011100010110010100111101100111100011110001111010000011000011101110010010111001100001111010100001101110
10111100100000100001101010000001100001101101100000100110010110000011001110001010010111001101100010011011010100100011110010101011
11111101000000101001100010100100001001011111011010110100101010010011001111111000110100001111011100110110001001011101011100110001
01001111011001110001100010101100010101100111000011000111000010011001101000110101010011010111000001011011110011111011001011011110
00010100000111110111111110011100100001001000010111100100010010100100011100011001001110000000011101000111110100111100011000011100
11000010010010100011000010000111110101011101001101011001000111000110000000110000111110101111101101100101000001011111000100101100
10100000101100001001010000000110111101110011110111110110010100100111100000000110110101011101000111100101110000101000100011011111
00011000100010100000000010011001010001000011000001011110011101110001010101010100111100111100111100010000001010001000011101011010
01011010101100101000000110000001011111111010010101001000011001100110101110010100011101110100110100100001101110111010011110001001
01010101000000000101101101001000101010000101100101000000100110011010000111101000010000101011110110010001100111010101101000110110
01101000011111000001111011000111101011111101110000111110110110110011111101100010111110110001100110001010000110000101101101110111
11011010110011010011100111001000011010001011100010010110001001001110101111100000010001000011111000110100011011110011010011101010
10011010110111001001010110101111000001010101100010001100101010100010001000000111100111001111000111010001000011111100000011100001
10110100011011001111111011110100010000110010001111011001110110100101001011111000100101101000101000010001000010010101111010111111
00110111110000100111011110011000111100011011101000001001011011111110111011101011000111011011111011110101100011111111110111111001
11111101110001000001011100100010000111011100011110111100000010110100101111110101011000011110011000010001000001001101101011101011
10111100000010000100001010101101010101000111111000101010100100001100000010010001001011110111101010100001110111010100110110011010
01011001101111111111000100011111000101001011110001101101111110001100111100111001000001111000111000010010100111000111110010111111
10011011111101100100011010110110110010110010100011011110111110110100111010110100100000010001001010100000110010110111101010101000
10010110111100000011100010111001111000011100010100001110110011001001011000101010111000011000011100000001101101000101011101101111
00111001111000001001000111101100111110001100011010011101001111110101000111011011101100100011011000110101100111010000101100010101
01110100101100110110110011111010011101110101110110100101110110110100010001001000101000101011110001011001110000100110110100110001
01110000010001101001000000001111110001010000111110110110010100000010000111000000011011000001111101100001010000010111011110010110
01011100101011111101000101101011010100111110111111110001010111010010111101101111101111010111101000101011110110111101010111011111
01100011000100000111101000111101110001110001110110000011010010110010110011011100001110000011001100000000010000011111110100101011
11110101111101101111001110110101101100011000001111111000111011100011111100110100100101010111001110111100100011010001110110111001
00101110010011101001100011111010101110111100000000111100010011111111010111010110100100010110110010100111010111010111110001110101
11110000001001010110111010010111110111011110000000000001111011101100000011001001010101011001010000110101010010011010111100000001
10000010011011011111100000001100101100101111110000001111011010010110001101111010001011011110101011011010000101110011011111111000
11011111111100001010011111110010110101101001000001110010001110100010010101110011001000101010101011110100110001111010101101111110
01001001011100100011110111011011100111110011100111010000001000111000100110001010100100011001111010111011010001101001101100001011
01100100000000101101001001100100011100000010010000110001011100100111011000110000101111101011000001011100111111100000100001100011
01000100111110000100011110001111111101000001111110101111001000101010011111001111011010110001110100100011010000110001111100101100
00001011001100000011011000011100010111011010100010111011101100011010000011000100111011011100001011001001101110001000111101101011
10001001000010000000110011111101100110110010011011011111111011100000011111011110100010000110001000011101011011001111100111011110
10110101000010001100010110000000100100111100111110001000010100101101010101111011111100011011011111111001011000101100110000101101
10010101011011011111111000110101001110001110000000010000000110110001110000101001101111100010110010111001101111000001111111100000
00011010010000100100000111000000100111111110110001011100011000011100010010101011101101010101101110011011001101011100110101001101
10100101011110011000111001011111011110010111001000110110110110111110101100010110011101110001000100101010101100101110110101011111
01011000110110110001111000111110110011111111010000000111100101000101000000010010001010000010111000001111101010010011111111001001
10111000011001111001100100111100111101110011000001111010000000101111111010001011001010111000011011100011010011010101010001110000
11010000111001000110000010101000010000110000001011110100011011111111110110001011110110110000110000001100110010000000110010001000
00111001000101001001000000011111111100011101110111110001100110111100001001000110001110101101110111010001101001000110100100101010
11010001000010111110100001101100000111011011100101010101001000010000011001011111101001001011010010001011110001100110011100110110
11011001011000110111001000110101100111001010100010011001101111100101000011001101100001110010000111111000011010100101100110001010
10011100010011110010010111110100101010110011101101100101110011011001111000100110001101001000100110111110101110010011010100111000
10111000001110100011110101101000100101101101010100011011101000010001100110111010101101101110100011000001110011011011100010100111
10000010011101011111001001001110000010101010100110000011000010011010001011010110001111110000100101010101100100111011101111111110
01010110111101100010101011011001000000101000000000100100110101011110111110111101101001110001011001010100101001110011111100110011
00001000111010000110100000101000101000110100110011000100100111000011011110101100001111101010001011001111111001101001001010101001
10110101000110100101000000111100011001100000011010011100101111011000111110011111010010101111011101011010010011010100111100010010
01011100111100101001101011000101000110011001101001011100101010101111010110001101001010011011011111110100111010011001101000011010
01111111001111001110001000100110001111010001100110110101010110110001000001011011111000100100011011100111110001100001011010010110
10110000011111011100100011011000111000011010000100110111110010000111000110110101000100100001101011110000001101001111100011101000
11011111000101001011001001010101001111011011011111001111001001000101000111110000101100011111001010110001111101011001110001101111
11100000101101100111010011011110111110011000000001100000011011110101010010111011001001110011100001011010111010111010001111001101
10010011110001000011011000010001100010011001101100110001111011011100100010010010010110010001111000011101011000011000000110010011
10101110100100101000010111101110010100111000000001001110011001111100110000110010010010011101110011011100111100000110010001101010
01100110000011011001111001110100101100011011101010111001110011010111000101011111010011000001011101001101010101101011011011111010
01001011100110000101101111110101011000001001100101000100101101000110111100010101111000000111101001101001011010100110110110111110
01100010000100000100000011000110110010011110111010110001011011100010100001101011011100010100100011100101101100001001010111001101
11011011001010111001011001000001110010111011011110110010111000101110110110001110110011101011110011100100111100000111101100111100
11110010000100101100101111011101001000001000111001000001001110001111010101110111001111100111101010011100001000010111100011010111
00100100010001000110110000000111010010000111101101100110011111111011000011000000111111110111001000100110011010111111101000111101
00001011001111110100100111100000100000011000110000100100110100011110110100001001001101110101010101100110000001101100011100010011
01110010101011100001000100111001101010001110101111111000011111100010011011111101100011011011110010110100010001101111001011000000
10110111010010000000011110011011101000101100000010011000111111101010111010011011101111000110010011100000000011010001101000000110
01010000111010001100001111010100010000111111110010010000001010111101000100111111100010111111000000110110001010011010000010111010
10001000101101111101101010000110001101101011100111011001011110101011101001011101110010000010001011010001010100111001011010001110
11111001011100010010000101000100110010001101011001011011001111010110000111110110110101101001110000011111100011101010011110001001
01011001010110000011111101011011011110000001010001111011010011111101011111011001101011011001100001111101100101000101010110100101
01101001111010001111100010110100110110011100100101011000010110001010110001110100001000111010001100110000110011001010000010111000
11100111101000011111011110001000010110010011111100110001010110111010100111111000110111000100101000001011101110110000100100010100
10110101001101111100100010111011001011110000111000101001101101101110110101110011001011111000100110101110110101110101000110001011
10110001100101001111101011110000100001101010010001111010110001001110011110011001111000111000100111010110000000010110100111001100
00110111100001011011110010110001010010000000010111010011000100110110010010011010110001010000000001000110010010010011100001001001
11011111001100101101011010110000010000010111000010000110101111111111010100111001011011000111110001010100000111010010100110000010
11101011110000111101000010000001001011111110100001101100111111101110000000010101110000111100000001100101001001111011010000001010
01100100011011101001001010000010100110101001011001010001111111011010010111010001111010011100101100011111000001111000100100110100
01001111001010110011011101101001101101010100100010011000001000011110000001011010110010000101001011010010100101011001011101011101
00100110110000101101000000110010101111110111101111001101100010110101000110000001000111001010111101110000000000110000000110000101
01111000101110000100000111101110111101110110000110110010100111110111010000001101011110100010001111011010101101000101011001001010
10110010100001101101111111000001000000011001101000110010001001101001010100000000111100010100000010111101001111000001111101111000
11010111101000110111011100010000000111110010011111011100100001100111011000011101101000001001011101011110011100000100101111001111
10000000100010110011110111011110011111000110111000001110100010011100000101001100110011000101000010010001001110111101001101000101
00011000001111110101111111011000111001001110001101111011111011010000001010110110001111000111111011010111011010111000100000011110
11000110111011001101110100110101100011110111010000110011000001011110111000001101010101001011001001101100011100011011111010001010
11101000010001100011111000100101101010111101000101011111100011001011100001111111111110000111101110001101101000100110011110111011
11001111011000011010010011101010011001000101000001001111110011100001000110001101111001010000101111001101101011010100110110111001
10101100100111101110111001101001011100000110100000100101100011010101001100001000110011000100101000001101010010011010000001110111
01110101001011010001011101001010001110000001100000101001001101110011101001010011011100111001110101010000100001110110101110110010
10000011011111010001100000100001011001000110110111111001111001010110011010010011001111101110101001001011101110100110110100001100
10101110001110101010110011100101001100011000001011110111111111001100011000011010100101011101000110001010000000111010011001001001
00000111010111110010000000001011101110000000101000111010110110001111111110111110000000001000010100010000100010100100010011110100
11111001000001110001101010000111111000110011111010110011101111001110011000101100000001101111101111010000001100100010011010101100
01011001001101010110000010111101111111001111100001101000010110101111101001110100101000011010011100101011110010001111100101100001
01100000111000101001111111100100001101101011010010110011000111011001111110001000000101000110011010000000101011110110101101100100
00010011100001010010011100111110100101000000101010101000000001010110001111101111111111110101110001101100000111100110001111000110
11011101111000010101101110011110001001010100100000111010011111011010010010110001111000001011010100101000111011011001101011101111
11011011010110001011111011100101001001011110100100111101101110001111101111001011101010011110100101001100100111110000001100110010
00010101000110000000110000011001010011110100100011110110010000101001000010000000011010101111101010101111010000111001001100111110
10011000001000010000101010111101100101111000110010110101100111100110100011011110101100111110111101100100001101110010101101110011
10010010010001110110001101000011101110101101101111100111101000110010100100101000100100001100100101101111111110000101001100011001
10111011010010000001100010010010100111111101001000100101001000011001010110110101110110101111011100100010001011111111001000111101
10011000000111011000110010011010010011101111111110010001001111000101011110100000011010001111100001001011110011111001010100011001
00110011110101000111111000001011101100001100001100100110111101110101110001011010111010010001100000101110011110110001000010110010
01011000101010101110110011110111101000100111100111001101111110000100110101111000001100001111011010100011110001001111101011001011
01100001100001110001011011000100111001101001110011110000111001101011000010000001011110101111000111001100000101100001000110111000
01111001010101100111111101101000110111111100100011111011011100010101101001000001010001100011011011111001100010011110000111001111
00111001100000010000100011010111011111101110101011110101101010011110000001011100011011100011111011110010001110110110101101010101
01000110001111100100011001100011101110101010011110011010100101110101101010101011010111101101110110000011011100111001111000111000
10110011001001010010100111010100100001011001111110100110001101100001010101000001001010001001110110110100011000001111000000011111
11000011111100100111000011010001001100001100100101101000111000111010010011100101100000010001011110001001111010111000111100001001
11111111011100101000111000010011100000111001000110011100000100001001000010000101001111011011111001011001100101000100110000001100
00000111001111001100111110001101101011000100111010100100000110111101001101101101100011101010000110001101010010100110100100101100
11110010110000110100000111001000000100100010001110000111110000001100011011101011011011110101001100110111001100111001110011010010
10010110100001100101110000011111101111000101110100110110010010100110001001001100100010000000101011001000000100100010101011001000
11011110111011001111110000010101000100100010001110011000100110001111110011001010111101010111100011101111110101001000000001010100
11001111011000110110110111010010100100011001101001111001100101101110001101110001111000110001110101010100000111100100101111101001
11101000000000101010001001110100100001100000100101010001001111011001000100011101111100010100000111000010110001001000000100101110
00001010101100010000010110001001101011011001111110100100000000010111111111011111011100000100000100001011000111000101011000001110
10010001110101010100110111001110101011011000111001010010010011101010110000000001000010110100001101001000000110001110011010011011
01000101000100111111101110111011111000101011000001101011110101100110001011011100001111011011000111010111100011100100010001011010
01111110111110011001100000100000110010111101100100111101111110100110111100101000111111100110011111000000001011100000001110111100
11110001000010001011100001110011101101001110010011110000000101100100111001001010110010011011001110111100110110010101000001011101
00100110111001101110000101000101010111001101011110101011011000001110111101110101001110110101011010001011110011110011101101011011
01101000010010000010011010110010100111001000010011111011000100110000000101111101011010101001111010101011101011101110101111011111
10001011110111011001001111000001111000111101111000111000001000101011100000011101100111011111011000010000100011011110000000100010
10100110111110010110000001011100011111011100110011110100100101001111010001100100011011111101000010101110010000111000000111110010
11101111001111010001001101011111111010011110001010010000110100011011010110000101010011000011000010100111101101111110000110110101
10010010100000111111111010101010101111110111100100010111011001011000010000000010111001010101001111110110001111001010100111111011
10100011110000010100010111110111110010010101110001111110000101110001101111000001111111111101100001000000100011001101110001110010
10100110111100001010000000110011001000011111101110101110010011111101101000110100111011010011110110100000111000000011001110100011
10110101001000010000000010011100101100011010010110011110101001010110100001001000110010010101011001100101010001001010101111101000
01000001011100111001111001100011010001101101011111101101011000110000100110011001011100011000110110111000001010000101010100000000
01001010100001111010100101100000011111000000010011011011001011011001011111010101000111001010111110101001010100010100011110010111
11100000010110101000000101011101001110000101111101100101011011011011101011101011010010111111001010011100101011011000110011101001
01000110111111010000100001001101000101100100110111111100111111100100010010000110011100101101010101101001101100111001101000111111
11010111000011011111110110110000011000010111111001001011011011000110100010100010000100111011100101111110111001001001110111111010
10101111110001001111111110100110111011101011110011011111001010001110010011000000100001010000000010101111011101110101011010110010
11101001100111101110010110000001100110000001010011011110000100011110001000011111011110110101100011010110001110101000101001001010
11111110011110010101001000110101011001101111001100000011111100111110111001000111000100010110111101001010110000101011111100110100
01000011110111111000110110000010111111100111010110101100000001001111011110110001101101000011001100111110111110110110001100000010
11011001000111011010010100100111010000101010111100110011101111011101111110010011011101100011100010011000110111000111100111001001
11011100000110111110110001010011001010010110111000111011101000100011100101011011011100010000101110011000010010110011000100010111
00010001101000010011101010010100100101110111111110110000111100011111110001011100111001110011101000110101011101100111101010111100
11000110110001110011100010101001001100000111101011101001011001000110001000110101010100110011000000001010110100001000101011001110
00111111101000010011100011000100111001000101110010101000111010110001100101001101100010010111100101000000001010101110000101101100
01100111100000001000101010011000011111111110011011010001001000011101001000100010111100000000100101111100100110101101110001110000
00100010101111010111010111001011101000011111000110101100110100111010000111010111110110101110000011101100000011001011100000000110
11100001010000110001110011001101111100110010011010110011101111011110110111100101010110111100111110010110100101010000010010101010
01101010100111011101111110100011010011001110011010101110110111001110010110010101101000101100111001010011101111001110010100110100
00100101101110101101000011101001101110100010001000001010000011100001011010101010100011111001101011001010100010110000011011111111
01010010101101000111101000001100001100011110101110010011111010110011000101010011111001001011001101001101111111000001010000101001
10001111000000111101011110011011011111010010100001001100010110010100010010010011110110010011100111100110001101011000011101000010
00010010000101000111110010010011000011101011111001010001010110111110100101110100110111011110010010110000000111010111000011110010
00001111100010111111010100111010101010010110000110000000010010101010000011111010000010000001110101011001010101110101100100100100
11100110100000111111101011000010010011001110000100001010111110110001011111011000010010101100111000100000000000011100011101100101
11100000011111001111111010100011011001011000000001000011111110000110000110101100101100111010100101110100101001011100110011111101
01001001000101001001110001011011100011111000011111000110100011001110000011001001010010001101111000100100110000000010101100011011
00110110000000101000010100011011110011000011110101011001111110100111011100110010000110111010001111001101101110000001001101010001
10101010101111001101001000111001000111101111100011011111111001001000100111100000001101011001000001100110101101111111100111011101
00111000111010110010101000010100111001011010001010011000111100100000000110010111101100000101111110111011100010011010001000001110
00110011011001001010110011110001100110100101010110111011110111101001000000110111101011101111110111100001011101101001111000101010
10110111000001101100100101010001000100101011010001111000101000110001110011000010011100000001000100010101100000110111101011101011
01001000001101100000111011100110000001110101100100000011001011001101100100100111010101001010100100010010111011110111111010101100
10000011111001100101010000010011011001111111011100010111100001101010000101001100110110110010111001001100110011011011110001101100
10100000111010110110100010110101011001000110111011010110101000100111100110000111111111101110001011010110100100111111011010100111
01001000100111111100001010101100000000001101011011011111100110100010111010111001110011101010100100000001000111101010001111110000
01010100111101001000101011111001001011001001100000100001011001100110000101001111010001001100001111101111001111111001111110000001
11100100010110110101000001011010100101010111010111010001001010111010010111001101001100001100010110100110101110101111011101101010
01101001110101010001000001101100100000011011001011110011010101100000001001000110100101010111100110110000101000000010010011111110
10010001100001101010100011101111001000101101000000010100001111111111110001110111111110010100101101101100000010001000110001100010
10000001000110000100001001110100111001111101110100100100001111101010000011001000110100100000011001111101001001001000100110101110
00011000011110000010101100100101000000000010111101010011110000101011110101101111001000111011000100110111001001010100001010011111
00101111110001010000100001000011010110011110101000111011110001110110011011011011111110000011010100010110110100100101001011111101
10100110101110110011110101010011000100010011010000011001101110001111011110110001111010010110011111010110000000101101001000111101
11101100010011111111110000010001010011110111010010100110000111000001000110101111110010100011011000000001011101100010011010000000
01110101111110001000000000010011011101101101011110011001111000101111000111100011100100010011100010011000101100101110010000001010
10010101010010000111110111010001100110100001001101110111100101100110110100111111110011100110010111011111010101000111100000011011
01101101111101000111100000110000010111010011110111111110100110110101011100101101000110111100111101100110011011000100001001011111
11110010110110111011001101110100001000111011001011011010111001111010111111010010100000101110111011100110100001101110000011001000
10101010111011111010110000110100101001001101100010001010101101100000110001011001100011000111000011001111100000010100100001100000
01000100110111101000011100001110111001111100111010011101111111110101110100110000110000001011000101101001101011111010001010000100
00100111010110110010001111010100111111111111000010010101001000100000001000100010010101010010101011010010100001101001010100100011
10001011011111011011000010100001000010101111001001100100011011101101010111010111000010001000111000000101000001000011001111111111
01100010111011101000110100010100100010110000111000010111010100000010101110001101111111111000101100001011010110010001110000110000
10111111101000110010101001001111010101100011111110111001101100001011101010011011110111111000000101100011010010100111001010001000
01100101111101010101010010111100001001110101001110110110010101001111000101110001010001000011001100101111110001001110111100000011
01011010010000110011101111110101111000110010101010001111000101010101111111100001001000100000101000001011100111110001010110011100
01101111101000001100110100100010001011101000111101111111111000000000100110000110100011100000001000101100001101011110001001001010
00000000000000000000000000000000000000000000000000000000000000000000000000000000000000000000000000000000000000000000011110101111
