00101101100011100001110111010110010010001010000100111011010011100111000100000001111100100010001010001101101010100111111110011110
00111011110110010110011110001010101111100001011111000110010100111000100100001000000000001000111111101100101000110101001110111100
11101010001110111001110101000001010100000010110001001100011110011110100010000110110001001111010101000001100101001010100010011111
00001101111110011000111011101100001010101111001011111111001100101010001001010010000001101110111110110111000111101110111010101011
11010011111011111001001000111101001101100000111111111101010001100010011110101101111000010011011000100001100010001011101001000011
01000101010100101011010101111110100010110100010010011111000011101110001011000011110111010100010100011111011111011010000001101100
11111110100010010101110101100101001010111101100010111010010011101111100100100010010001000100001111001011010111000011111100110000
01111011010010110101001011101011000101111100001100011101110001011101101111101000100001100000101010101100110110010000100000001000
10011011001001010101000011110100111111101100100010100011110010111011100000111010111001100100101001111010100011110000110001111001
10000110111100001011100000000110010000100111010010001010011001000100110101110110011101011011010001010101010001000011110010111010
00100000011110101100111101010010010111100000100111000111000101011010010111101010000100000000010111010100100011100111101001110011
11011001010000111010011110011010011011110011000000111001101011100011001011010001110100011011101111011100010011111010001001000100
01011111011110100110111011011100010110110001111001101010101000011100110101101100010000000011110100000010000110101110110010011101
11011000011110100110011111111001001110011111010101110100001101111011000100000011101111011011001101101100110111001100100010110011
00001011011111111111000100011001011101100011001011101111000001001110101101000000001010111000111101111010010111000000110111100100
11000110001101110110100100000100100000010110100000111110101001011001001011100100000000110001001101100001000000111110010011111001
11000001111111100011100001100001100010101011111000110100011000000000010110101000110101010000010000011101100100101111110111101100
01001010010110100110100110110101110101111010000101010001001101111011001010111100000001111001111111000011111100011001000010000111
00101110101110100011000100110010110001000101100010110011001010011010110101101110001010101100110010011011000100101100101001101100
11001100010000011110100100001000111110001101111011011100101000110111110011000100001000111110111111100001110000000100110000000110
01010111000110111000100000101000110111101100001111100101111100101000111100011011101100111000110000110000111011110000010010100101
11111100011110001011111000111110000011110101111000001011110000111111101011101111000111111000010100110010110110010101000110011001
11100101101011110100101111101110010011111100100110110011101110001100001100110000011110111100100010100000100001000010001100001110
11111011110100101100100101100000100101001110011000010001010111000110001000000011101111100110010011001001011110011111111101011010
01110101011001001110101100010110100010111110000011000011101000000011010110011001010000101001110000010010100101011110101111110100
11000100000101111100001110000111011101001110001111001100011000011110100000110101001101110100000110001011011001001000111010100000
10111100000100110001010010010111111100011100001011101110100011101101011111111010100100111111101000101111010000100001110111111010
01110111010000001010000111101101101101111111110100101011111100110010110110111001001111111110101010001000000010110111111111001000
11101010110110011010000101101011110010101100011101101001111010000101110100001010000011010110101100001001010111100010110000001101
01110010010001000011101010110010100011011101010101101111110111101001011110001101110100010001011110000010010010001001101110010001
11100100110000110110110101100011111110010111111101001100001111111000110001010100001011001011000111111101000000011000001010011110
01011100100101000000110101110000000001010010011001010110001100100000010000100110000101111101111100111010001111100011110000001111
01111001010011001000011010011001101011100100101100011100000101100010010011011110111000011001000001100101101010000001111011111100
11111001010110101010011011111101111111110011110110000011011110010010100000110010110110010001100101110001110000101101101011111001
00111010100001000110110000110010101000000010100001100001110111011100101011101101001100011000010111110000101111110011000111001010
11010111011000110011011111100001000101110011010101000011111100001001110101000101001111110110011111000111111011011000010011011111
00111111110010100010100010110001000100111101000000001000011100100110001010011100110001011101001110011101011010100100000010001001
11100110101110010111100110001001100011101001011101110001111001110110000000011010011000001011001001000000101111010110110001111101
10101011010011110011001001111010010001101001101110001101000111100101101011110101110001011100110101010000111010011001110000010101
11011010110000100010110110000100010000000110100111110100011101001010000111010110101111101100000011111100000010101010001110101011
10100001110011111100000001101100001110110011011100000000001001000001011000011101110010100000011110111011000101110100111010011000
11000100110011100000010110111010000110000111010010110001100011111100010101100011000101100110100010101001001010011111100110011110
10011010100000010110100100000010010001111110100010110001101010011101011001000011101101011110011010110111101110001010110010100100
10110000001010001110010011110111101110000001110001101011000110011110100000101010101101011101111011011001010100000001111010100101
11101000000010111111110111001011101110101110001000110000011110101101001100001000000001111001000101000111010010000110001000011100
10100101111100000001011110001011011000110110010010010000000011000001101010100000111000010110100110001101010010001011110001001011
01111001111000000011011110101111101010100001010101010110001111010001010010011001011011100100110011011111001010000010011000111100
11101110101011100001111110001100001010111010100110011111000111101100000010110011011010000101111110100011001100010000001011111001
10100110000110001110110110011001110110110111111001011111100010100010010101101101010111100110001111010110001000101100110000110111
01001111111100011010000000001001011100011000011011000011000111000010101010111111011111000110010110000101011001001100011100111100
00101100110010111101010001011010100010000001100011000110001101010100011010111110100000101101111110110000111111110100000100111001
01101010110000001110100010100001101010100011001101000110011011111100001111011110000010101110001000011100111001010000010111101000
10000100001001010111010100011010101010000100111001101011010101010010001010101111011111011100010100111010110011000111111101011010
00101100110011010010010001011110100010101000010011100101011111101100001000110101001001101110010010011010111010110000111100000011
00001000000111010001010001101101000000110011111111010011101101111100110110111111001011011001001001110110010010001010001001110010
01010110000000000111010110010011100101100110100011000101000010100001011000110011011101001010001101001100010001010010111010010111
10111111110111011011000011111111111010100001010100011111001001111101101110110001110110001010110110110001111010111100000100101111
00111110001001101101111100000111111100110100111011111101000000100000001110100100110100110000001110011101101100000001111110100000
10101000100001001010111001000010011010001000000111000000010101110010110101100001000001000011110010010101111000011000101000110011
01100011010011000100001010111100011000101001001101011000100100001101000010100111000111110101001011101101011101111101000010111111
11000111101001011101111001001000001111111010010110011001011101010001101100100111101110111001100100001110000111011010000011000010
00001010101101001010100111111000010110001111000001101010001010011010010001000000010100011000101110011010111010011001110011010110
01101111110101110111001100011010001010011010100101101010011011010101010001110011000101000101111110010100000000010111100110011100
01011000001010100111001001111110100000100100111100110010101011000101111111101110110001000111101011110011101001101100110100111000
00000000101001101101011111011111000001010111110111000011111111110001010110111110111110010010001011100111110010111100110101001101
00101001000010010100110001011111100101111111111011110101010010101100000001111110101110001100110111111111010100001110111110010100
00111100001100001000001011100110011001111111011111100111100010111100010110010100101100001011111010110000001000100111000111101111
11100111101101111111101000010100101111101001100100110111111111000101110001011111011110111101111100110111010111010111011001111100
01000010001000000101010010110011110001101000010011100001101100010001010011111010100001111001110001111101010111010100000111111110
11101001101011111111010011000110011110100000100011010000110101111001110001101001110110110110110000010101110010000100100100011101
10001111110111101100100001010010011110101100110100000101000110010011001101101111000110001011001101001101010011111111001011111000
10111100011110011010001100111011011001011110111011110000001011001001011000010001010001011011101010000110000100010010111010111011
10000101101110010111110111111110000100000010111111010010101110010101010111110010011000101000010000001010011100011010010110010101
10111000110111110101100111101000011001010111111100010111001000011101100101000000111001101000011100110000100111000010101110110110
10101001010001011101001010010101000111011000110001110110101100111001101011011000100010011000111001010110111100110000000100011011
01011110100001110110110111110111000001001110101110111101011100111100001011011000001101100011100100011111011000001010111110001001
11010001101100111111001110100100010111000100011110001010100100001100111101110001101110000010110110100110101101110001110001101011
00000111011101010101011010000010111111010100100110111110011111101011100001011011011010110011100110000100111100010111110010011110
00010001101101001010100000001011011110001010000110100101100010110001110010001011111010111001101100011000011111001011110101100000
00001000001100001010100000111000101011001111010010101010011110011001011110000000001111010010110100101100111110000001011001001000
00100001000001001111110100101100001101110010001111100110111101001000000001010111000010001101011011000101000101101101101100101101
11110010001110010010110010001100000111110010010000010100110111011100110111101101110111101100001001111100000010011000110111110001
10011100100110000001100101111110111010011010010111011100110001101010000111001110010100101010111101010001001010111101010000110000
01100111010111001000000011000110010100010011000001111111101101011010011111110111110100000011011101101110100111110111100101000010
00000010011111111111100100010110001100111010101111111111101001111111010010000111111000111101001101111100000010111001011011001110
11000010110101011011010000110001110110000110010111110100011001101111100101110100011110011001110000101001110101111010011000001110
10110101111100011111100111110001100011000010111101110101110110010011011000011010101011011001001010100110100010101010101001011110
00000010010001100000011000010100000011100001111000000101001110010101100111001010000001101110101000110010101111000110101101010111
01001110011000000111110111110111010101011010111100011000010111111010111110001111111001101100001100000101001011101110100100110011
01001111001100011010101010001101101011010011001111111111100111001110101110100100110010010000000010010101001011111110000011100101
11111001001100010010111000101001101000110110110111100001010100111101001011100000000000110001010010100110000000101100111101111001
00101011101000110100000111100111001000100001010001101011011101100111011100111101001010011010001111010000011001100000011101100001
01001111011111100100000101110111110101110000111011000110101001111011001111100101010001010001000100101000111010010011100111010110
10000001000010100010001100011110100000000010100000100010100101000010011001011101101011011101111110010000001111100110110001100110
11011111001110000000001000011110010110000100010000101110101010111001000011001101100011011010110000011001010110111110110001111101
10010110110101100111010111011110110110110110111101111100100000010001011000101001101000001111100010110101011001011011011011111011
00100111000100111011111001000101011001100110011000010111000001001000110100001100110010110100011001111001011110110100001001101000
11001011010001101100101111111101101000000110010000111011001011110101101101110001110000110001100111011001000011110000010000111010
10001000001110110100001011111011001011100010110100101010111110001111101101010001111001011100110000000000001010011010010101010000
11100100100010110001011011001011001111010000000101111010110001011101100010010100001001100110111010001001011011011001101101111011
10101001010001100000100110101110010101100001001011110111101101100011010100110001111000110101010010010101011111001111110010001101
11110110000111111011101110001011111010100011000110101001101010111100101100100010011011001111000010001110111000111000000100110000
11000011000011011110110110010110000001111100010001001100100111101100101010010111011000101010010001000000110001010111001001001010
11111011000010101011111010011111000001110001000101110111010100001010011011000111010111001111101100101011101001000010110100000111
11100000110101101111001000100000001110010110100011101111111000000101101100011100000011011001101011001000111110001110011001001101
00110010000001110000011000101111010001000011100011010010010001100110100100110011011001001000101110100111011000011101011100001010
00100101111011000110111000011001001100000101101011110010100110111100010111100001001001100011100001110010000001001010011101111101
10101010100000001110101101011000011111011101101010011000010001000101010101001001010110011010011111100101101100000000101001000010
00001000101010110010001111111000010101001001110000000000110011011010100001001100010101011000100101101001111010111011011100001110
10110101100101010111101001001000101101111101011100011000111110101100001011110011010011010100101001011101000101100010110010100010
00000011110010010100110100101110110111000000111000100000111101100100011110000010000010111001100011001010001011001001000101010101
00011101010101011001100101110100100000100111000001010000001011000111101111001010100010111101000110011011100101011100100001010111
01110001111011000011011101111000000011000010010010011110001101111001001010010110000011100101101001000100101110100111100101110110
11010001101011011101011010101000011110110001000001100100110100100101000110101001000001111101001100101010101000011101011001101110
11000100101000101110000110111011011101011000010111101001011001101101100100101110001000110111010110000000010010011000111100000101
11001011100000001101001011100100001111111110000101001000001111010101101100000110111001001101100111100111010111001010001100111111
01000111100101011001000011111000000101101011010000000110100101110010001010110010010111011000001101011100011011110001110110101111
11000111100000101100001010011010001000110011111100111011010000101101000111001110100101111101011000101111000100001100111000000111
01110100111100010111011100111011110010001111110000001110101111000111001011100101111101001000101110100110101011111001000100111111
00100101011110111010001011000100100111010101101011111111100100010010000001110010100011111011000101001011001001010100000000111000
00011111001000000000010100001101101000101010101100011001010100100110111101101011100101011010000011101101101010010001100100000000
10000001111111001000000110110010111011000011100111011000101111000111110000100110011010001101110010100101001100111000011101100101
00001010100000011010111100111010110101010100110111101101100110111100001100100101111001000000110111011111010100110110000000000111
00010011101011011001011101000111110100100111000100110111110100111001001110010110100001010010111111001011000000100111001011011110
11101101011001011000101101100000101110100001000010001101001011010110111100010010110000000111011110010100111110011000000111010011
10001100111010110100110000110110001110011111110001110110100101110101001011110100010011101010010001110010100010101000110011111011
11000100100010101001110100000110001110111010111010100111010101011101010011010100001000100001001110010001100010111111100000001001
10110000001010000110000010100011100101010000001010101010011101100011111011010100000100011000000111101011100010111100100010100010
10111000111000000010010011011111101001010000001110111010101101001010010001010010100100100010111110001001000011100011010111011000
10111110010101000111001110000111010001100101000010011100011000100100101111101111000001001111011000010011100010110011011101011001
00100011000000011110011000101101111011010000101001011011111101100111111011000100010010011000010011100011010111100110001100111100
11001010110100001100001000111010101111110000101100100100011110101000101010101110111100001100100010110010111101010000101010001011
11010110011001000000110010010010101110010101011111001011100011001111001111011110111101011111111110010001111011100101111101011001
11111101110011100111100001000000100000110010110111111111011000110100100110111011000010100111011110001111100101001011001001111100
11011011110000010100010000111010011011000101101010111101011110100100000010110011001001010100011110101001010100101010010000101101
01111001111100010000000010111101111000110000100011100100011011100101010100111111111111001000001010110011110111001110010000110011
10111011011100000000111000010101011101111011001111010011010010010110011010000000101001110101011101000111110001100101011011101001
10111110011001011111000100101001110110001101101011100100011110100100111110111101001001000001010011000111001111101010010001010111
00000000000000000000000000000000000000000000000000000000000000000000000000000000000000000000000000000000000000000000000000011111
