01101100011111001101010000111101000100001111111100011010101110010000111001101000101110101101010101111110110001011010100001100000
11100000010111011010100010101101010110011011001110000100001000101010100000010101100101010000110000111111010011101000000010100011
01010111001010010110111011011011100011001010011001100001011000101110101110110011011100000100110001100111100101010101101011111001
11111101000000011110100010011000000100110111111111001001000111001000111011010100110101100001101010110110011011000110001100000110
01000010000101000010011110110101111011000001100101001000010001001000010110101000010011111111100110010000101110010001111101110100
10100110111110110001101110100110101100000000101101011111011101000101010111100110101101100100011110110000010101001010100111100001
10110011010101100100101011100110000101110000101001011111101000110010100010010010110111101110111111100001010100111100000111111011
11000111110001000111110110011111111001101101111011001001001110001111010011111000010111010111100011001101111000010100000000101010
10110011000111100101101001011000011110010001011101001011110110010101001001110011100110011011111101011100011110100010001001010010
11001101000001011110011111000000011001110100110011010000100101100101011111001001011010101001110000001001001000101111110001001001
01110000101000110110100111001101010110111010011000110111001000110000100001101001111110010011011101011001101110100100110110110011
10001110101001010100010110001101001011010111111111010011011110101011011000011111101000010101011001101010010011111101010000011011
11010010001100101110111110110110001000100001110100000011001110101011001001101010111011111001011010001010001011010111100010011010
11000000001001010011000111111101001011101101101001101010101010011000101001101111100100110110110010111110111011100110101101010110
01000011111010010111110110111110001010101100001101101101111010000100000000100101100101010100110101100011010100100111101000101111
11000101100010000111001010001011100100010101010010000110111110111101110011100001111100100001011010001010001000000110111000100010
01011011101011000100011101100100110100010011101000111011100110100111010011011001001010111101101011111111010001100111001110010110
10110111001011000110011101011000100101111010010011110000110011000101011101101111010011100101001011100001001011101110011111010111
10110011011010011010010000010011000111100010100100000101101111111001011011001111011111111101000101111011100110010011110000101111
01111010110001111001101110010001111100110011000111011010011010111011010011010111011110110100110010011010000111111011010100100111
10110011111001000110001110001111101101000011101100110110011110110010011001011101111110111010110000011011111000101101000011011110
10010110010010111000001001011010110001101110011100011110000111010111101101000001101111110110001101011111011011011100010110001111
01010000011100011110101010000010101101000111001011111010111001001011101110111101101010000011010010111110100101111001111111101100
00000011100000011111011001110010101110010110000111000000110000010100000110111000110010000101101101110010010000010100000001010110
10100010011110111110100110101010011110001011000010111100101000100010001100010000100000011101100110011101100000011100100001101000
11010000000100011100111000111101011111100000011101110100111101001101110000000101101000101010110010011001011111100101101011111010
10000101011001001101010011101010011001011100101000111010100110110000100111111111010011111110010101011110111111101101001110100001
00010001111100010111010011100011000110111100001100011000101100011111001110010010011100000100011110111001111100011100000100100101
00010110000000011111001100111001101001110100001101000000111001011110010100111100000100101110010100000110110011010010001101010100
10011110011111100100111011100100010010001000111100111001001001011100001000010001001001110100000010101101000101101100001000100101
00100000010111011000100101010010100011111010000110010100100100000111100110110111001011001111011011000111011011111111111110010110
01111000000111001011110110110010100101010100011111101011110000000001110010110000110110001110000100010000110111110100001110100101
01100111011100111001110110111100110010101100111110110111000110101011101110111110101010110010110100011010101111100101100010111001
11010101100000000010001101010101111010001100111010010110100101111001111100101100001111011111111011110111011100111000100110110101
10111110001001111100111011110001101110111100111010011110110100100011110100000000110111100111000111111000110011110111101110100011
01010111000001101100000000111000010010110111001001101001110110001100101100101011100000001010110000100111001010111100101110111111
00111001110011101001000011000001001100010110001111110100111000111001111010110110010001001111001011000010100111001000111001100011
01000101011101000110110010100011111011010111100010111110101100010011010111011000110110000100000111011110000101100111101000011110
00110001110000000010111101111101001101011001011100010000101000000110100001100100111001100100000100101011100000101100101010010111
10101101000010101100011010100000001111111011100101001101010010101011010011111011000010101101110111010001100011000101001100101010
01010111100100110010111101100101101001001101100010110111101001100000000000000010101010010111101110100111111101110101110000000100
01110111001100011000001110100010111001110111000001010101010111110111000011111101101111011110010101001001110011101010000011000101
11111000000110100101011010100111011100101111011011101110111010000111101100011000000001110001011100010111111011010000001000110010
11101010000001000011010110111110001011011101011111100110010011101011100110001001000000101011101011101001010011000101011000101000
01100011100000111000000000100101111111110110110010111000100000001101001000010000000101001111111011111110100011110011011011110110
10000100111110101001100000111011001100000110111101000101101100001101100000000011001001111010100011100111111101111000100100101011
11010011001010011110101011000010100010001011101010011110110010001100100001111000001101001011100010000100100111111010110101110101
11100010110110100101001111100000011110010111101000000001011111000011011000101100011001011111010100011111110000001101111001111110
00001111101110100010001101000010000111000000101111110110000100011110011101100011100100011000011101101101111111100100111011011000
10010001001001110100110110100110010001100001101001011010001100111110111000111000010111001011010010111100101011001101111011001001
00000110000001000111111111101111000000101010011011111011100011101110011011100110110110000011100010010100011111101010111100011110
01000110100001101111100100010001011111111101100001111010001100000111110011011000111110010011011001001000101000001100011011101011
01111011110010110010010100110000001011111000010101011100111011101000100100001000111000001111100101101011001110101100101001111100
00010111010000111001000101000110010000001001100010101110000001110001100111110011100101010111000110000001000110110011000111110110
10010001111111101001100110010011001111101011101011000100101110011011000011000111001000000001010101111110000110111101111101101111
11100111000010010100110000011101000011100100001100110010100010100011111110110001011000000100101000111110111011010110001010100101
01010011110111101111110111011000000000100100110111110100100011010110111010011010011111101101000011011110010010001101111011000111
10101110010101110011010100001000011001000011111011111010010101100000011000010101100111111110111101001111110001111101001000001111
01010100010010001001100010011010100010010110111010011011010111100010100101110110111001001101010111111011100100111101110111000101
01000010001000010111110110100101100010110110110110100010111110100001110111011001100010001101000011001000110000110101101110001111
00101000100110101001111000001111100100111100010000101000001011000011010101110001100101100000110111010000100100111101000100001001
11000001111111110011110110000010100111000000100000110110010100100010011001011001101111010000110001100010011010100010101001101111
00100011100111011100000110101111010000011100111010011101101101010110101110010110100000111000100011010111010000101000011001110111
11011000010111001000100000111101011111001000000001011101000010111011000101110101111101001011011000000100001001001101111110001100
01001000001111010011010001110101000011010100000110101100110000011010001001111100000111010100111100011011110001001001111101011110
01001100100111000010101000110100010111100110001100100100100101001110101011000100011010100111001101011100101011110011001110001000
00001100110110011111001000010011010100000010000000100001011100000001000100011000100110111010100100110110101110000101110001100010
11001000010000010001100011001111110110011100101111001011101110000011001010101110010100101000000001001011000010111011101001000111
11000110111111101011111001101111000010101100001011111001001111110000000010011010010101010101110101101111001010001001011100100011
01011110111100101011101110111111110110010011100111100101111010110111111111010010100101110111101101100101001000101010101110101001
00010101011101111011111011010110011010100101111011101011001111000010110110110100110100010010001001100110000101110001010011010000
00101111011100111001111111000001000100110100011011011110111011110111001001111010011000000000011111011111100001101110001001001000
11010100000000101011100010010000010111010101001101111010110101100100110100110110001110001101010101111100010101101011110100000010
01110110001110100000011110000101101011100101100111001001100101101110111000011010011101010110100111110110110111011000111001010001
10110000001111100000011011110101101001011111001101010001010001001011110111111111111001101100101001001001001010101000101001111100
11101101000100001101101011100001111110111111101000010100111100111011101000111110101110111000101101110101010010000101000001000100
10001110110111000011000011011110011101010101101111000010101100111001101100111001010011001010110111001011010001100000010100110110
00001010110000010010010001010111101001110101011111110010011010101010101111010001100110100010101100011010000100000000111100001010
01011001110111011101010101110110101010010100100111111010101001100110111110010010001101001011101011001010010110001011000100101110
10001111001000000100110011001111001100111100001010001101001110011000011111100100011101100111110111101000111111111110100011111110
10110111000111110010100100111010111010111000001011001110001111011111110111100111100101010010101011100101110111101010001110101110
01110000101101110010010111010000111111011111110011111101001111011011110001010111010010110111110110100101011010011000001001010000
10101110100010000101100000111010110011101011111001010111011011110001001100110001010001001011111011101011011111111000111001100111
11100101111001011000100111101011111010011000101001100111110101111011101100001000110001110100111011110011100001010100111000010111
10001001100100000011111101101100000001010011110010001001110011010111011000010110101011110011110010011011000000001000111010101010
00000111010000111010010101111010101010110110010101000000000100110011010011000011011100001111100110111100100100101101100101011001
10100000010010000000110001101111011000001011001010100010000001100000100011111110011110010111000011010111010011010000010000111010
11001111011000110001000100000011111100101011000101010011110010011100000110101101111101100111111111100101111111000001110001110010
10000011100110111000010101001010000101010011111100110000101101010101010011101111001011100111000010101100101011001100001101111001
11111101010010000010011010001010101001000011111011000110000001011001000011011011100011100001001010011101111110111010000000101101
11011000000011001000000100100110100111100000001110110110001100101011111010101000110011111101001010101000010011100010111111001100
00000101001100110111110000010110010100110110010010101101000010110010000001110101001101000111111110110101001100111011011110010011
00011010000101110100011101001010101011110111100110111101001101010110111011011111001101101111000011000001110000001011011001100011
10101110001100000011001000001110100010101000000101000011110010111111011000111000100000011101001111110110011100000101010111100101
01010011000111101100111001011000101001101100110110101000110001101001110010110101110111000100000001110010001010001001101100001011
10110100011111110101100101001010010001111000001000111101110111100100110111000110010000011010111101101110110110001110110110001110
11010010110011011100110101110110001000100000000011010110001100010100100101001010001111111110101101110100110011110101110001000100
00101001000000000110111000011101011111101101100001000100010000010110000110001100001011011001001110011001101110100100110010010111
10101011000101101111001110001110000000111010101010100000110101000111110111010000100010111011010110000001000101011001001000110100
11011010101011101111111011101001110111011011110001111100110010101101101111111011010101011111000000010011110001110010110100100001
01100111100000110100111001110000100110100101111001000110111000001011001011000011001101001000011100100000110000001111011010001100
10111101100010110110110000111111001001101010100000101010100011010001011111100110101110001101101010111010000010010101011111000101
00111010101001011101000100101001011000010011001111101110110111100011110010001000101110110111011100101100101000111000000000000011
00000000011001100011010110000110101110111011011110010010101101001001110111011110011100001010010001000011000101001101010010101001
00011011110010000000100011111011100101000010100001000001001110100110110001001101011010100011011111001000110011001101100010010010
10111100001110111110011100111010011000101100010001001100101101011101010000100000001000110100001100110000000010000111110001100110
00011010010111110110000110111111101011111010101000001111011111111110101000000100100010001111011011111011010111100100001010000111
10110010100111011111101011111100110011100111000101111001001101001010101110011110000001010101001101111000001000110110010110100011
10101011011111011111110100100001100111010100111010001011101100110100010110011001110001011100010101100010100100101001010011100011
01010011100011100101110101100111011101100111000111101110000001010101111001100111101000000111101111001110101010110110001101101100
11110001100111011001011100001000001110011011011001000001001010000010101000001101100000010001010011000110100110101011111100100011
11001110011111000010000111101111101100111111100010110001111010001000001010101100110111101000000001101011100001110001111110111000
10101101010000011100010100111000110001100001100000000100101101000011001111000101111100000000100111000101101111101100011011011000
11101101010001100000110111111101001001111010110011111111101110101010100011111111000010111011111010101100100110001010111111100001
11111011100101110011010111001111001010010111001110111010101010010101011010101111011001000100110101000101000000101011010110110000
01010010101000010111100011101111100101000101101001100010111101101001001110000010001111000100010111100100001110111010001001111110
10010000011111001010101110100000111100010001110111111000111001000001000101001110100011010001010110101010011011101100001110000011
10010011011111111011010111100100011000001101011100011100111000010110110111101111100110000010010100100001100001110110001111100110
11011000111101000111101110001001010110100000100110101111100101011111001110011111111101000101100001100000010111001011011000010101
01000110110101000010011110010000000110001111010010011001110101110111110100001001101101011011011110111111010011000000000110111000
00110000110010000111010111011001101100010100111100110010011110111101010100000101100010100111001100000101010100111100110110011110
11111011010011011001010011110100101111100011100101101101111011001010000101011000111011010001101011010001101101010001001011010000
10000100111101010101100010111011101101110111110000100010101110011100000111110001001110110010010010110111001000000101111111001100
00010100000001001110100100101110001001001111001001010101110111010001000001000101111010011011000101101110100111110001000110001010
00001110011001110100001001110010100111110110011101011110111100001011110100000000001110000101100100100100101010010110011000101010
11011011011001010110010101110010110110111110000111011010101011010010101001110001010001010001100110110011001101010100101101000010
00000000011010110100010100010111111010101101110100100011110110111010011101101010100001000011100101010010010100000000010101010001
01000011000010111010101010000111100111110001110000110100011001111001101110101101001100101110101101110001011011010111101111010001
10100101110110110000011100010001111110111110100010011110101101011100001010001110000001011011110001100011100100000010011111100111
00011001111000010110100100011101110100001100101001011110100001100100011010010010100000101000010100111111010000010110100000100100
00101001010100110010000010110001001011110110111011000001111010001010110100101101100011110001000101101001100100110100000001011000
01010110011000010000101000100100001101111100011111010010001000000011000001101001000100110111111101010100100010001001110101011011
01101100100101100010111011011100010101001110110000101010101101100101011101000001011001010010000000011000000011011001011001100111
11111001100110110111001111001111010001001100001011010010011001011110011100000111110111010011100101111001010010111001000111101101
10100111010101001111011101001100110001001101100001001010101100100001111110111100111000110001101101100110000011011110100111001011
00010011111001000001010010101000000100100110111110100000011000111100001100101010100100000011111100010010011011010111001001000111
10011001011111011001000000001100010010011000010010001111001011010000101110000011100101010001011011000111001110101000010101010110
01100001111011110000111101011111000110101000010001000101110101110011101001000110001111010000010001011101101100111101001010100111
11110101001111010110110110001001011000110010101111110110010100100100001101001001100100010011000011000010111000100000110100110010
01011010010111000011100011101110111010001011011111111110001101001001001101100000100101010000101110000010110100010100100000100010
00010011101110111011001110000011111111011011000101011001110001100110010010111010101110100100111101111110110011101110010110110001
00110100101000101110001001000100010000001111001011111011000100000100110010010111101101100101001110001010000000010111000010000100
00010000110010100110000100011101010100010111101111101101011100010001111110011110000110110111000010101101111110111011001010110101
00100101000011110110100011111010000011101001001111010111100001000011001001011011011011100011010110011101110010010100100001001011
10011000010000110000001011111101100010000000111000001101111011000110011000001001010111011101101101100111111111110101001100011001
00010000111001100010001000100000111010010000111001010011001111000000000111101101100010111010111110110011100001011000100001100010
11110111110110110100000110011001000111111110100110000000111110101101010101001011000000000011110011011101011101010001011111101110
00010001010100011101011011100101011110010111110111110110011000011111101000010111111000001100110011101011110110011010011000110011
10111001111110101101010000001001101011100100100100000111100001000100011101111000001100000001110101110010101100011101101110011110
01010001101110110001100000111101011111001010111010100000011011111011001111001001010100010010000000000101110010110010010111011011
01101010001010100110101010001100111011000101000110001110100100110110010000111011111001000000111001011101111000010110001001101100
11000100101101111110100011000011011000011011101010000011111000010101101101000100000010101100100010101011100100111111010101110111
00100001000001010101111101000011101101010001011100111001111111011011110000110100010101010000011011110101101111000100001110101111
10001010000101101001111000101010000101000000010011110000010100000110001101110110101110101101000110101100000100010001010101100111
10010101010000001010110110010100100110110011110000100110010000110111010100001010101111101111101100111101111111110010100101001100
01010100101100110111010111010101110101010111011111001110111110001010110110000101000010000111001110010010000111011001100011100101
10010100010100001111000101011001010111000000110111100001100100101010110011010110011011000000000101011110100110110110111001101110
10011100011010011101100010001100110001011100100010100110011011001010000010001110010011111010000000110011100011101111100100000001
01000100000010110001110101110000101101100100000001101110000101001001111101110111011001011111100100111001101111011111110101111101
01000110000111111000100011000100111101001100110010010101000111011001101011010011101111111101010101001101001100010110001011011100
11000100000101011000110011111010110011111101011001111111111110100110011100000001001101110001010011100110010111111011011110010100
10010100101110110011111011001011110001100110111010110001011101011101111011011011011001111011011110101100000111011100110000000000
10000010100010001111000001001001111101000100111110011010001101101010110100001010001010111111011110011101100011001100100011000110
01010000001000001011011111010001111111110000100000001110000010011100010111101000011001000110001101011100011110100110100111101001
10100100001100110010010100101001110100000000101010111100100110110000101111110010100010001110101110110111000010111001011110101100
10011000011110110100100110110101100111101111101100101110011110110100011000010111100000111000000011101011001001000101011110011110
10110010111001110010010010000101110000110101001101001111000001111001001001101101000000010000010001100011101111010100100010100110
10111011010100010011101001101011011011110000000001011101101001110101110000111101101111110000001111101100111011011110000000111101
10001011010101111010001010100011010001111000101011001111111011101111110110111100100100001011111111001011000100010011101001001110
01101111011110101011101011101011000110101111100111100110101001100101100101011001001011011010111000101010100100000100110101010001
01011100101110000011111010110100011001001000001100000011110011001110010011001010001001000011101001111111000101011001110011010101
10110000000000100110110010101101010100011000110001101001011010000110010011001000001001100011101011110001010010010011011011110011
11111100110111011000101101011001001100001101110111101110001011001001111100100111001100010101100000010000111100001111100100110110
01101010110000110100010000110001110010011000111110011100110000110010010001000111010110100010100001000101111010000001101111000011
11110111010011100110101101000000101000100001101110111001000001000110001101101001110000111000111100110100111110011001100111010110
10110010100000001110001000110010011111000111011111100010001001100000111011000110010100100010101110001111011000011100111001111101
11101101001101101010101010010011111101101101001110100001011110100111101011000111111110010001101001010100111001110011110100100110
11101100011011111111000110110001110001101010111011110001010011010010101101011101011001011000111100100010010000100000011111010110
11100011011001101001000001000000011110001101001011101101111001110001000100101000100000000110100000100111010001101010100110100110
11111111010101000110100110010110000001110111011001001001111100100100001010001111010000001100100011100101110011111101100100001001
10010110111000111001111100001000101001101010010100011110100000101001111101100011011110010000011110010011010011011010010001001001
00001001100001110000000101010001001001101001000100101000111100010111000011010011101100101000101101110110101101100001101001000110
00100001000100010001001101000111000011001011000000011001010101010100110010101101101110110010011100101110011000111101100011111010
01111101100010001010000101111010001000011010011111101100110001011000111111000000111010000000001111101011011011111100100010100101
10100110100011000101011110000110110010000110101110011100000111001011110000110011000110001010000011011100100110100011001010110001
10111111100110101010000110010011001101100110010001000010111110000111001001010000101010101101110100000110010101100001100011100011
10001010000110100110001011111001110011110010110000000011100001110010001110010000010000111000000100010101000001001101000111000001
11110100010111111111001001010100001110000100010101001011100000001011010101000111000001011110010001001000111111010000001110011011
10110011010010010010111110010001011010001101001010001001011111100011001011110010001001011000111110011010011001111001000111111111
10100100111011101110011111101000011010000100011011000000110111111011100101100100111010100101111111000010111001010010111001101101
00010010110011110001100111001110010100000100101010010000101111010111011100110001000010110111010011101000011111010001010101111110
01011000101110001100000110001001010111100000100011010001100100001001011011001110101001001001000111101011100111100100101101101001
01001101101111100110100110111011110011001111111010010010100011000000001000001010110111100001110110000001010111011110111001000010
01000000101111111000010001001010011111110011011011111000101111100010110010000110010110001011100001011010100101010110010000010000
10000011100001110010000000100101001010001111010011001101111000010101111111000101010110110101011000111010010001011111010010000101
00111101001101001011101110000011011100100101110001111110111000110101101101111011011010001001110100001110111000101100110100011010
11010001111111110010110001010110100100011010000111101100101101100010001011011000001101000101101011110110000100001010111001110100
10010000100011101001101010001011000100110010110001000000000001101000110000100111011001100110000001001110100110010111011111100001
11100110001110000110010100101101001110000100110001011000100010001001010011011011110010001111101001010011100001010001000010111111
00001011001000110000111010011110101101000110000111010010011010010010011100000010100010111100100000111000110010010010111010001010
11011100100101101000101100010110100101110101110010001010100101010111011000101001010001000001101001110100101000101001011010111000
01111111000111000011011110000011111100110111100010101011100011110110010010100011101010110110011000010001101000010111010101011010
00101100000000000111110010101000110101100001000110101110111000010101011100110101101011101011001010101011111001011001010100101010
01110010100110011010101100001001101100101100010110100000110011100011100010100110111111111111011111110010011001001011110001101111
10110001100101110000101011100111101000000000100001000100100011001100110011111111101111000011111111011000010100001001001110101110
10100100100111111110000101011001000001101101010101100000000011000111000010111101010000101010011011000111101001000001111111001011
11001011011111000001011000010111001000101111001110100000111001010001100101111000101100010100011100011101000010100111000111010111
01101011011011100111000001110100001101011000010111101111001000110010110101110010110010000100010001100101101110101010110010011100
11101010000100010001111001100010000011011101101101110111100010101110010100001011011001111101000110001101110111101001110011110100
11001010111011001001011011100010011000001101011111110100111101100001111100001010111010100011111111010110101110100111111111111010
10001000001101111101111001101110011101010100111101011111110000011010011010011100000001110110011111100010000000011000010010000111
01101010111111011011101011110001100000011100011110000100110011100000101010001100110011001111010110010000111000011101101001101101
00100011111010010001001111100011110001010101101001011010000110110011000001010011000101011000000100000111100111001100000110101000
11011000010011011001111111110110001100011001000000001101010011000100010011011000001000010001001101010011010111011110011001110000
00010110010001100010011111111001000011010111011101010001111110011100000110011110111001100101110100110110010101110110101000010110
01111111001010100111110101011101100111110000011011111010010011110000111100110111101001010010010001011011011110000011100110111100
10111010011011100111011000001100010001001110010010100101000011111110110000001110001011010100000111001011010111110010011000011111
10101001001000101100101101010111101100111110001011100000101101101110001001100100010011100101001100010000011110111011100111101110
11000011011111001110110100010111100001111000110100100110011011010001011010000111010100001100110011011110010100101001101111101011
01110100010011000001000100010101011001100100100101111111010100000101111111100101011011111000001000010101111110010111101101000100
11010110101011111010110111011101111100110110100110011110111100110110100101011101111001100111111010111001000111101110011100011111
01110101010101001110101111101000100001111100010010011011001010010100001111010101000100110101101100101001110001111101111011101000
01110101100001111100111011101001110010010110111110110000011001011111111011111111010001000110011010000110100110000001000100110011
11001010100101000111011110110101110011111010100001101000101001101100010010001000101100011010111101101010000110100001101100111110
01010001101101000000001100100100100011101111011100111110000010000111100111010010110100110001100111010110101101010101011101100011
00000100110000011111111100011011110001101011101100100110001000111000001001110111010000101010001100000100010010011011000010000010
00000001100110000111010100010100011101100011101001000000110110100101110011101100001000111111101111011000100010010101011111100001
11010111111111110010010101000011111110000100011001100010000001100000100101100111111001110101100111101001110101010000101100101010
11001000011101111100101001111100111000000101010001001101000100110101010111010001110110101010100100100101011001100101001011111100
10011000001111110101011000101101111110000010011011000010011100101011101000000101001011010101100110101100101100101111100011100000
00101111100101010111100001001101101010110111101100011010010111000100001111110011000111100011011011101010001000111010010000011111
11010110010100101100100111001010011000101111100111010111011011111101010101101111001010110101011000111110111000001100111101110011
00001101001010000011000000100010111100111110101100000100111110001111101010100000000000001110001001000011110010001110101001001000
01011001010110000100101011111000101011011100101111110101100001101010111100100010000110010101111011010010000000010010110101001010
01010111011110110111100000001111100010101000100110001101010000010101000100111101010010010010010101011000000010010010000001110011
00001110000110100110001110001011010101110111111111001110111010001001001110111011100011100101010101111100000111010100110110001101
10110001000111001111011010010001111000010101110001110000011010010111111011001001001010000011111110001011110101011100110010100111
11001010101101100010110001111000110010001100010011001110111101111111010011001110001101101010101010010010000100101110000011110111
01010011010111011000111011101101110000011110101001100110100111011110101001000010101110010110001001100011000100011011111010001110
00100101111100001111010000011111001111011001010111101100010001110100000001011100101110011100101011011001001100111000111010010010
11111111011101000101011111110100010110110000110000001110000010000110011111001100010101111010101011110001110101010000101001000110
10110000101101010110111100010111101010111011011000011101110000010001011110001100011101011110100110100100101110010001000011010000
10100100111011000110110011101101000110000000001111001011100111001001111110010000100100000101001101000110101111111110010100100111
11000111010010010100010111011100000011001111101110010000111100111111111001111111000100110010111010001101000001100011000111101011
11001010011011100011010010111111101011100110110011100100000011111011001001010110000101000000011111011100111010111001001110101000
01010111111111101100101110000100101101100101110010111000100000010101001101101101111001111011101000101010011011110000110010011011
00100100111011100010101100100010100100001111010101010110001111011111101010001000010100110110110110110110010111110000010001110101
11110100100111000011110100000100111111111100101011001000001001001010001010110011101001000001110111111011110101001110111011001011
01000110100101010000001011111111011010110111000111011100001011001101000111101011110100101001000011001001001010111010110011000011
11001100011001111110000000110000110101001000111110111001111111101110101101110010110000000011000011011010011001001100010111100011
10101101110010100100101011011100000100011011110000000110111010001100100111110100010000010000111011111111100111111001010110001011
11010000111011100010011100010110101100110011111000011011100011100011001100110100111101000100101001111110100110110110100101011101
01101100100100100111001001101010111001010110010001000111010110001011001111001000011100010010100110011001110110100101001001110011
01101101111011100101101001110110100100011010011100111010100001100101010010100011101100100011010101000011110100100110001100001011
01101101011111111010110001000111110110000010000000010010000011100001100101101000000100101101001011100111000111011000010111100101
01101110100000010110010101011110010101100011000010011001011011101011001000010111011101000011000100100110101011010100010010000100
10010000101001100011001101001100000001000010111000101010010011101010001001010100101101101010000110111010100010100111101011010110
11100110111010001010110011001001010100000100100010100101001011111001011001000100010011011110000011100110110011001111000011010101
10011001111010110101100101010011011011010110101011000011101001110010010101011111000110110100111101001100110011010000010101100010
01001001010111101000010100101011110111110101100010111101110110111101101000001110011101001011100000001100110000101101011010100111
11101010010010010101000001001010000110110010001100111110100010011111101101101011101010111101011111001001001100111010000011001100
11101010011110110100001111101001011110001111111111101001011100011001000010001111010000000101110000100100100111100111000101110000
01011001000111110010110001010010011101101010000010010011110001101001101111011000011111001100001000001011010100000000010010011011
10100111100011000100000100000100011010101010000110001101010111011010010101111101001100100010111011010111001111100100100000111000
00101101101000001111010101001101101011001000111000010110011000101110111101100111000001101011000011010100101000101110000000110111
11101111001111111000111001101001011001110100011110101110001101011111001010011110111111110111011010111100101100110010000111001110
10011010101110110000100001011011110001011001100010011111101111001110010111010100011001110111001111111111101010110111100111101011
10001111100111011110011101011000011010000001100001111010001001110000110011111100110101010010010010101011111111111010101000100110
00001010101101110010000110100011010110001010101101101111101100111011010100010011011010010101100000111011110110011111100001001100
00100100000001111001110110010000001100000011000110101110010101010111110100000011000000100110111101001001000010011101100010110011
00110110100110111011110101001100000100101010100101011100001011110000000101010000000000111010111000010100101001000101110110111110
11100101110101010011101111000100010010000000110000101100101110000100101010110011011001111111010011110001001100000100100011101010
11011110000101101100100010100000101111110100101011010101000000110010010110101001111011110101010001101010000100111001100100101011
01111000110101110100111011110001011000010000110100100011010001110101000010110100000011000101000000000100101101001010110111000001
00101000101110001001000110111111101000001011101110010101111110000100011011100110011101000101000010111010011010111110000010100100
11100001100110100111110000011110100101011110011101111101100011011001100010011111010001111011111000111111010101011010000111110101
11011101001111110111101111111111110111010010111110111011110110011101101000110111111010010000000111110110010110000001011001110111
00100001110100011110001011011000101011110010000100110011001110000010011010001101000011101101111110010100001110001101110000010101
00110011111001101000101100111000110110011011110010000000100110101000101010001111100000011001111110100011001110000111000100100111
00101000011000001101101110110000011010000000111001110101001101110011001100000010011100011010101001101001000011010111000000000111
00000000000000000000000000000000000000000000000000000000000000000000000000000000000000000000000000000000000000000000000101110101
