11100101101001110110101110010100101000000110100000000111011000101110011011000100111011001110110110001001000000001111111011110001
10101100111110010110101101110010000011011100011110111001101010011011001100111101111010110101101101010111000011101001101000000100
01100000111000110100010100001010110101101100011000000010101011110011001011001011011101101111110110100000010001101001010101011001
10001001100101111111101101110011001110011000100001001110110100001000110000010011110001111001101111101000101010111001010011001000
10000011011000110011011111101000010101011100000110110100010111110000101110110001110111000100001000010110110001101001000100011000
11011111000110011010000100011111000011100111100100100100110100001001011111000100111101101010111001111010111011010101000010001010
00101010110100001001000111110100110100010110010111010100110101101110001100010110111010110000101110011010011001010111010111001010
10000010001100110100110010011010001000010010000010000101001001001110101010000000010011001000010000010101100010111011100000010010
10010010011010110001011010101010101101101111110110110111010010011110010001010110101100000111101100010011001010001011110001111100
01000111011001010100110001111100101011100001001101000100011010100110001011011111001001000011101111001101000001001011000000010010
01100110000011001010011110101111011000011111000000110100001000000101101010111100010010001000000110101001000010010111000011001011
11000001001010000111100110101001000110110111110001011010111010010000011111111000010001101001100000001100010000001110111101010101
11000101100110000110011111110101111010000111110000110110011100011100010000000011001110101001001000100000100000001000011110100001
11101001001001100001100101000010111010010011010100100111101110110100000100110000011110111101001110000101000100000101100001000111
10111110110101010100000010110001000011100101000010001110000101111111000111000111110100000000101001011001001001101111110101110101
10001110011111011010100010011011111101100000010000000110100011110110101110011110011011010110100111000010100001001000000010000111
00011000001010111000000000100100001001110001111010111110000001010110111011111000000110001010011111100010011001100000110011001101
10000111100011010000011001101001101011110101001011110011111110110101010000100111011011011010100010101001010011101101000011100000
10111001010111110010000001111000010101000001011001100110010101110010001100101000001000011001011001101101110000111101111010010011
10000101100110101000011110010110011010001000101001000101110101010010101010001011011010110111010001100100101101111010101100000001
11100101001010111110000111101011101100010011001110101000101000001110001011110111100101010101100110100001101001111001111100000000
00010110000001011011110110100010100100110011000000001000100100100100001000110110000111100000011100010010110101101111111101110110
11100010000111100100000000100001111100011000011001011001010110111001001001100011111100010101001011001110000100010011011000001010
00011101100010000001000100110110100011011010011100110010000111011000101000110010110101100110011000011010011011101110001111011110
10001001011110110001010101101111010010001011100111001100000011000110001001000110011110100001011000101011010110000010010011011010
10100000010101001000011001001001011110110100111001000011101100111110011001001000110001010001111110011010110010100110111100001001
01110101000111111011010001101110010001100111110111000111001010001001101011001000011000110100000111101100100010110101100001111101
11011001101011100111101011111001100010110011001101000011011100110110110011110110010010110100010101111000011011100101110000000101
00000101101010100101111001111001101110010000111101111110011101011001011100110011110110010000011100011011011110011101001101001011
01111101110100000001000011100001010100110110100111101010110011110110011011010110001010010010111110111101110100010000110100011100
00111001000010110101100110010110001010010011111101110010010011110001110000011100011100001000011010100000111110010110000110001111
10000011011000101001010110111101001110111100000010100100000111000000110101101111101010110011011111001000100011111001010001001010
10011000010110101001110101001110011000111011101011100101101001000000100011100111101000110101010011110000001110111110011101000111
11110001111100110111000011010111111000001101111101101101011111001101011111001011011111011100111111001101011011010101111110011001
00011011000100111111001001110101101111000100000000111100011011111010101100101011100111111101101100011011000100110001011100001000
00011101111101100011110010000001111100110110101110010001100000011011110100001101100000100101000101010011011000101111110110100110
11000110100010000110110101100101011111001111000011110110111111110100111001001100011101011100101100000111110010101010100011110100
00010010111011110110010011110010100111001010100000110101111010101110111110001011101000000011100100000010101010011011011100011111
00010011100010011000110011000100000110111100100110111001000110111010111100101011110010101011001011011100110000001000100111010101
11000101001010101100010111110001101010101001001110111101100011100001011001010010110000000111111000111101111011010111101100110010
01000000000100101111001111000100000110001110001000001100010100110101101101110001101010110010110001110101001110001011010111010101
00001100100110110001110010000100011011010001110101010010010011110110110100110011110010011110100101100011010010000011111101110110
10010110111011000110011111010001111110011101111100110000101111010000010010101100110010010011101000110001111110001100101110101001
00100010111110111111010110100100001111000011011000010010000100100011100111010010111001111010110011100011101011000110100100011011
01010011110010100010010100001110110001100101011001010100011110001001001000111001000011110111100011000100010011000101010110011110
00011101100101111101000000001111000101001110010010111110101001001110000001110111111100000100101110100010001011101110000101000110
10111111111011101111111010100001011101001010000000000010100110111010000011110101001101110100101000011011101101001000101001111011
01000110111111110000111111100111011011011010001110110101101111010010100111100110101111100100101100101101110000011100011000111000
01000100100010000001000010000111111011001111001010110010110011110001011100011000101100110011110100101101110001100011001111110000
00100110110100101010000001011000010101000001111010000101111000100010010100110000001011111010100011001111100010001110000110110001
11101110000101010101111011010000000010110100011000000000000110010110111010001101100010111110010011100010000101101101001001001100
10111011110101000100010000000010110000011001100000011100011110011100111111110110000010010011101000000110111000011001001100111110
10100000010011001010000000011011111101001011100010011111111011011010000101100001111111001001001011010000100111100101110000101111
11111010000011111011010110110001001110100011001110010000101000111000010101001011110001101001110100110100001000001000101001111010
10010011100111110101001011000010000111101000000100111011000110001100001101100001111100111101001010110001000001000001111111000000
00110000100101110010010011001011001110010000101101001010111110001111001111000011111100101000111011110100010101110001001110011110
10011110110011001110100001011010100101000000011010100010101111100110101001100110111010110101011001011111010000001100111011101111
00011001011000110010011011111110111010010001011011101011100011101011011111000011110010011011011110001111001111100100100011100011
00010111001110001101010111001001000001101001111111001011011110110110101111111100101000101001101100101011000011000000100110101110
01000011001011000011111111100000011101011011011001011110110100011001001101010001101000000000100000110011110110100010100000111111
00011001001010001110110111101100110000111011100011011101101010100101001011011001001100110100101000011111000111111011001101010011
10010010101000111110101001100011111111101101010011001100111010010100111111110111101101101101000100001001001110111110100010011111
01111111111001000100111000001110000110011001100011011000010010101010000100101001110100100000110010000000110111011110110011000011
00111101011011100101101101110100110111101010000010110011110011101001100101101100010100110101101100010110100110110110000001101110
10001100001000101000001010011101001010100110101000010111101011111100110001000111111001001001100110011001111101110011001000011000
10000110100010110000000101110110100011101000010010100011000010010100000101100000111101011001011000110101000011000010011011000000
00011111111100111000101011101001111111000111101000010011110011110000001111100111010110101101010000010010000010111000101001001101
11011011010010001011001001110101000011100100100100010010100110111001101110100011000110001000111110000001001010100100111001001111
00000110011000100000100011110101001110100011011000101100101010101011001111100110100110101100010001001001011100010000011110011101
00010111101100001011101110101110111000000101101101110001100011011010001011001100001111100011101010100010001000110111111010000010
10100000010011010110011100011101111111100010111101001101010100100100100110011101110111110011110001111111111000110101010011001100
00010111110001110000110110110111110000011001010110000000110001111101001011110001100110000111111101111001111110011100011101010101
10011111101011111100010100011000010100010011110100111000101000110110000110000110011011100111101001001011001100011000001100111101
11011111001010011100110001101101000100010000110101011100000111101101110010111110110100011011111111000001100100110010110110101110
10011010101101010101110000011110010000001011100010011001010111000111001010110000111100010001111001010000000000010010111111010110
01000101010000010110100100011101010100110100100011001000011101101010011100110110100001000010111100000010001011000011011101110010
10000101010111111000111000111101101101110000011101001010001101011101111111000110100001001011111011000000110010101000100110001000
01001001001010111101111101110001011111110010100100111010000000011000100010000111010100110111110100111110010010111100001111000000
01111110000100001100111110100010011001100001000011010010110100100110011100011010010010001000010111101001000001110011011111111100
10001001011111010000000111000000110101010100000111110011110100101000001101000110110001110001010011101000100000100001010100001100
01111110011100100100000010011010100101100010110001101101010011101101101110000101011011100101011000010101010101010110110111101000
01111110100010010110000101110100010100100011001001011100001001110010010101110110100101001010111011110101010010001111011111001011
01111100001110011110100101000000110011010101100111011000011001101000111110000011101001000100100111100000001000110111001110000010
01011001000011000100011111011000011011001001110000100011011010010010101010010001101011010100100110000111010111010010100001100101
11000100111000010000011010000100111010110000110001101111100010011110010000010101011010101101111101000111101110111001001011001011
11000111111101010110100110011000011010000000010001001000110110011000101111110010111000110111000110100011000101011110110110000111
10101111010101010010101110111001111111011000001011110011001001111000111100001001000100011011011001001000010000001110000111011010
00000000111101011011000101001110111001101100110101011011000110110101010110000111010000001001001101010101010011110001000000011010
11110001110100111010110000110101000010100110101100000010000101111010011001000111111111010010110111010011010010110010000100010111
10101111000100001010011101100000111000010000100001000010010000010000100011100111011010011001111000100001101011110100111100100001
10001000100000110101111001111010101001100010011011100111011100100010001101011001110111100111101101110001001111010100111001000101
01101001111011001011111100110010111000101101100001101101011100010110110000001101111011010100010111110000011011110000011000111011
01110001111000010100000011001100010111111000010111100100001011100101101010000010011010100100001101100101010000101010101110001000
01011101000011110100100100001010010001001000110110111000011101010110010000011101110011110011110010101001101101000010100010111111
10100011101011000110000010011111111000101101000000101010010101101111010110000001100100101001101100111000110011001000010101110101
11011011101010011001010011000011010111101001010001001101001010001110010000111101100101000110101100010001010101100010111110101001
10100010100001000111101011000001001011001001000010011011000100100010100010001001101100111111101110001110110101111100100000101000
10010101011111111101010101110000011010111101011000001110110100101100000100001000100100000010100100101010000000001100010001110001
10110011100100100101001100111010011001000111111110101101001011000000011010111100100011101101011100110001101011110101101101010000
01110000111101101100110001011001011100010000101111011101101000011010101001111100111001110000000010110111100001011010000001110100
10101101001110110110110001111100110010001101011100100100000111111001110000111101100011010001110110111001100100010110000011100011
11000010100110111011100100001111011110100111101000110110001110100010001010101010101100101011100010110001001101111111011101101011
11100111111111101101110001000101100101100001000101101110100000100010111011010001010111100101101101101000111111101010110011101001
11101011001101111000000100011011011011000010010010001001000010111100011111010011100101000101100111001110000100010100110110101011
10000000100111111110101001110000011011100001001100101000010010100111100010110001001111110100100101101111100110100000011001010010
01000111010010001111111110111011000001110100100111111110000110101010100010101000001101101001111101101011100100000111111011110111
11001110111011110101101010101000101100101000111100011010010100001110100101011011011011110010101011000010100111011010010010000010
00001100111010011011011100101111000110110110011111001011110111010110011001111011110110101010101000010100011101001100000110000010
10010100000000010111010010001110000110111111000000011111001111110111001000001100101010000110000010101011110011011100010010100010
11100011100010110101110010010101110011010101010100000100101000000000100111101010101011111110110010011111100100111001010111000010
00011011111001010100101010011110100000101111110110011000111111000100000000010001011111001010101110111000110010110001110010101010
00010111101001010110101001110111110001100010101001100011011110101101100101111001001000111110100000011101001110100011101011010001
01111101010001110000110111101011010111111001100111111111001000101101110100011010001001011110111100001000101010111010011111011000
11001010011010101000000001100011010101111000001100011110111110111110101111010110000111111000001111111101011101101001001101110001
01001011100010100000101001001010000111000000111001111110111000110110001011011001010001101111000111101010101100101011011100100111
00000001110000101000010011000001100000101111110001111100100110110101101110100100001001110111010110001101100001010111000010110010
10111110000000010110001010001001000011110110011010010011110010001001101000111000010100111011100111101000010000010111011111111001
01001011000011001110101100110010010000110110001100011001100011000010101011100000101001101011111111101111011010111101011001100100
01000100111011010101100010100001110111100011100111101101010000011100110101100111110010001001110110000101011010011010101110000000
11101101011010001000001110111011001101000110111111101001110011111011001100011011100101100110110010111011101101000101000100011011
00001011000001000000000001110110111011100101000000001010000100001001111001000111100000010110110000111111000100000101101111011111
11101010000000001100111000000101000011001001101000011001110000001100101001011101101101101001001011101111100100000000000111011101
10101100100000010010011100111011101101011001111111110001010101111000001111000111110111011011011000110011111101001000010011101001
00110010000101001100000110111100101011101110000100100001101100000101111010100110111110100110111010010111001111100010100111101101
11001011000001101011001111000110000000000101110100001011001110000101100000110010110000011011101001000001110100100010011100100000
10010110001100010001101010010000101001000100100111010110011010100110110010111101101110100000010110010011010100010000111011001010
01111110101001011001000001011011010010011101001110001010111001100100111110100100101110110010111010101000100100010010001000110000
01011111001010111100111110010101001111110100001110101010110111011110010110100011100110011111101001100101001001010111110100101100
01001111100011011110100101101111111001000100100010001011010010011000110101000011101111010100101010111110011111001000101001110101
00000111110010110011000100100000101000000110101001110111001101101101100110011100000101100000000101011110100101111010110011100000
00011110100010000111111100010110110111110110001001110010001000111111101000111010101011001101000010000100110101011101011010111001
01101011001101110111100011000100010000110011101000110010000100011001001010001101001110101010011011001010101011100111011110011101
11000000010001111111000111100101011101110111000110111000000111110101111101001101001001000111010101000110000001000110100011100100
01110000101001101011001000110111000101100011001011010000111011111101100000011101110010101011001011010100010011011111010010010100
11000110010100001110101011001010111000010110110010110101111000100101110110000111001101000100000100101000010110111001101110001100
11001111011000010111100000000111010101100100101011100000010011101110101111100111010011101100001001001111110011100100110010101101
10101101010010000110001010011001010011000100110000010001100101111111110110000100110000111100101111010111110000011000011100100110
11000101111010101100110001000100111001011110100011011111100011011110001011100010110110100000111101101010000110111010011100100011
11110001111111011110100000111101000011011110101101000101111110111001111111101011110011101110111110111110000111001100000010110001
10110100110001110000000101011001000110000110111100001100010000000000010100110110001000101001010000100111110110101011111110010100
01010110001010111101010000011100110010000100110101000100110010010010100111000010111001101010100011110111000001100100010010011001
11100011111000110111011000110001110101101100001010101011011000100000001010111011110010001101011101001101110100010110110001010000
01100100010000101000101000101011001000000000110111001101000010011111111101100100001010111010000110010001010110110000001001100100
11101011101101001100000100101010011000110100001001110000010100011000000110011101111101010111010111001001011011000000101001111101
10110111101010110011101000111110111111011010000111001110011000010001000101101101011000110010000111101100000110000111000110111100
01111111000000011011001110110100011010011111011010110011101000000100000110000011101111001001001110101001001001001010110101110110
00110000010100010111111010010000010010101101000011000001101110010100000111010000011110000010011101100000111000101100111100111110
01110111100111100000111100110101011101101011001010001010100101101110011111111000010100011000111010001111011001001010100011111110
10110011111100110111111100111100011110001110110011110110101110111110001001100001011011000111010010101110101101100111010111001000
10110010100010100000101100011000011110010101111001101101001111110111011011010101010001001001010010011010011001001111001111000110
01110000001011101100010110010110110101011011111110010111011011111000001010111101000011000001010101000101110010000101010111111100
00011010011100111111110000000101010100111011001000101010110101110100001101101110001110001101111101000110001101100111101100011010
10011000000000110101010011101011011000001001011011010101100001011000100100010111111110000011111100000111000000110010000111010110
01101101101010111110001011111001101100100111110010001100001101010010000101011001100100111011101001100100100001011100010101000001
01101111111001000101111101110101011100111010011110000100101010100110001101010001101010000110110101100001101111001000110100001110
10010010010110001110001000001100001000110101110000110000110011000010011010000000100010111110101011111000100000110110110001100111
11100011011000101101000010011111000010101001000010100000110111101110101101011101110101011111110101100111110111110111001001001111
00000111001111000100111000011110110011100010111010100010110100010000001110101111110101010111011101100011000101101010011001100101
11001000110100000011100011010100100000001010110000101001001011111110111100000101110110010011010011010001101010010001010101010101
11010111011111011110010111011110110000001001110010100011101010011101000001000111110000110011001010011010100011011011110011000111
10000010100011110010101111101001000011101101000010100101000001001110001011110111110110001110111001110100001101110110001110111011
01000101111010010000001111001100100100110101100000111110111010011001111000011001000111011000111000011100011111010010110110100111
10001110100011111101010101111100101001110100101110000010000011001001111011011110011101110011111110101010101001111110000010101010
11100011111001000100010010000001111110000101011011100000100001101111010011001001111101110001000111111001000111000010100101101001
00110011100010010010001010110010110010111001011110101100100101001011110001101001010000000101100011001010010101001110111100010010
00010111001011011111001010011010001000000100110110011001011010001010011011011011010000110110110100111100000111001011001000100111
10001101101101110101100000101100111010111110011111011110101011010010000101010110011110000100111000101101011001110110101101000110
01001100011000001111100000111101001100010001110001111010010110111011100011011111110111010101011011000000101110011100000101111001
01111110101000110000001101000101011110101110011111101110100010001010101100101111011101001000111010011011000010011111000100000001
10010101111111111100111110000001001010000001110101110110010110100110111011011010100011110111101101010000110011001010111100000110
00010000101111111001011000010100001110010100100111010001001111001101100001010101011100111101000001011101001011010101000011101111
00101100001110011101111001101101001101011011000011101001000101100101000110111100101001010000011100111000110010110111010011011100
00010111010011000001011001001011000101001101011010000111001010110101101011010010110110101000000101110010110010010111111111010011
11110101011110101101110100010111100000000000001001111011011101001101110111001000110111010000100001110101011101001010011010010010
01001000101011000100010100110101110101110000100011111011101100110011101100000010110010110100111101011111001000110000101110100111
00010110001000110000101111111000101110000010011101100100001100000101110110010000111001101111010010100001001001111110111110000101
11100011010000100011000010100110110000000111111010100010110101010111110011101100011110000101100100001001111101101011110110110000
11111011111100100001111110100100010011101000001010010110011110001100011000110111010100100010000011011100111111111110001100011100
01100011000101110011100100001100001101111100100001101110110110100001001010100111111111001011011011001010111010101010110001011110
00101100100000110111101010101100101000010101001101111010101100110100111110001111110010000100111010100001110101101000011101011001
01100011000000110000110111111100011001100011010000101010111000010000100111000010111110000011110010011000101001110011110101111001
01010001001001100011011100001001101010110101000011101110111011111110111001001000010111111001101000010101010111000101001010100010
11000111001110100110001100010001000110100111010000101101111111011101010100010111010110100001000010001000110110110001101000011110
10001111101111001110011110111110100010011010010110110100010010000110010111000111100011100001011101001111110111011111000100011000
11010010100101011111001001010011111010100110111111110110000101100010110010101101111011100001111111000111100010110110101110000100
10001100100001011001011111110101011100110001011100101111101101010110110110101100011000011100100001001010011101110010011010010001
11100010011011001101001010000110011010101001110010111100100001101000000111110101100110101100010110001011011000011110100100110011
01011110110001010111011010100010011100001101111101011110111000001100000001010010011100110110110111110010000010111100000101101110
10100010011001010110110001001011011001010011101010001111101000110111000011111100010101110011110100000011010101010110011100010110
01011101010101101001011101100100101001011000100010101101010100100110111010110010001001101111010010100110101010100010111100000101
11100010010111111111011100001001101010111010010010110001101011100010111011101010111011111110011001000010010001100110011101101011
11011101001100110011110011111110010111100011011110000001110001000001000101100110100111101010110010100100010101101100111011001111
11010000010101100000011000100010001110100001111101000100001010010000101110110000101110111000111010010000010100101001111111011111
10011000100011010000101000100011100100101101000011110111000101101110000011111010010101100111001101001111001100010111100100110001
01010110000011110111001010110100010001010011110110100101101010100011110001100100111000011110100110000011100000000110101110110011
00100101111101110010011110010101100000101100101010110001011000110110001011010100001010001101100001010111111000010111011100000000
11101111001101010101100001001100110001100000001110010100001100000101111010110100110101100100000001110001100011111100011001011100
01011100000110111101101101001100100110100001100110011010000100001011001001111001000100001000110110111000000000000111111001111111
00101111100110110001100000111110101001000100010111001010110000001010111010000111101010110011101111101111100000011011111010011111
01000110101111000110111011101010010111111000110010011000011110110111100110010111000011101111110110001100100000110000101111101011
11000100111111000001101000110001010011101111100111111110011010110011110111010010010100010110001001110010000111011000110010001011
11011001110111011011011001110111100010001000100111100111011000101010101001000010000100010000001110100101010011011101101000001111
01010110000000111000010101100011011110110000101001101101111011100011100111111011101111010110110101011101101010010010001111110100
01101010101101100100111110111011000010000011110000101110000111101000010000100101001100111100111110000100000110010001100000011101
11110011000111010111101101111010000110110001111000001011010010001010001101010010101011000001111000010101001000101110111010000101
10111000000010001110110010110111011110111101100000001011110111111001001000100110110001111111111000111100010001110000001010010010
01100010100011000101011001000111111001001011010100100100110011101011001010001011111001111000100101011011110111110000000100101000
01111100100101110100101001111011101001000001110010100110110101101010000000011110111110101000111011011100001101111011000010000011
01000010000010010110101100110011000101000000001010011110011110010100100110011100010011000011001111010110101000111011001001001101
11111000011010010110000101011101011110111101110010010111100000110110010010110101111100001100011001110000001101011111010110010001
01000001101101111111110000111011111011011011111011100000000100000100111010011000011101010000000110011100101001011110001110100010
01101010011110011001100000100110001001100001110100101010011000000001110110111001101110101001111101000101000111001010110011111001
10010111010010100110010010101110101010101000001010100000101111110110010100010100111110000110101011010110101000111111011101000011
00000101001000100001101110101011001000110101111011100010001101010001111110101100101100110100010101110101010100001100010000010010
10010011110010101000110100000001100010110111010011000100000101100110000011100110001101010010000011011101101011011100001011010001
01011010101111101010110011000010000111000001010001101010011010001011101110000001011110011011110001111000110100011100100011110101
11110010111101001010001101000100000010010101001100011101110101010111100110100100111111101000000100010000101111000001110100011111
11010001100010110101100001011010011010000000100000110100110010111110010000010000000000101110100111111000100100101111011010010001
00011101100001101001111011110010011001111001000000001111100001010000111110001001101110000001101011010001101101010000001111110001
10100110000001111100110001001010000100001110000010010011011111101111111011100110101001000111101011011100100100001001100000000100
11011100000010000010010110011100000001011101100100111010000101010001100101100101000010000000111110001101110101111111100001100111
11101000001011101000001010100010101111010010000110110010000001011111101111100001100001100001011110111000011110001101100011010111
11110000001111000111001011010100111010010010100000101011101110101010000100001110001100000000111000010000000110010111100110011001
01110000010001101100100000111110001110110110011111110010111100010011000001111011101000110101111111011010011010101111100100111000
11101010101110011011001001110001101001110001110111000010100110010011100100110000101011011100011000011001100111000110100011111011
10011110011011110010111010011000100100111110010001011000000011001110100101100111010100011010111010110001011000101101101000001010
11010111111001111010101001011010111000000101011010111100110110000011010100011100111010110011110101110011111011011010100011001100
00100111010010100110010000010111000011110010010101101001000011000010011001000100011101111111011111110110111100001110111110001110
00100011000000111000110110111011001010101000100011111011101100110110100110000000011010101101110101111001111110001100011000101101
11011010101000111101011110001011001101101101001010111011111101101111010000110101010011111111111100101111111100011101110111000101
00011000110001100011101000011101100010101001100010110000111011001001100001011111110100010001111001000101111000111110110011011110
11000010110011011010100111100100110011111011100100010100100011010110100000011011101111100110101111101000011110011010110110100111
10011101100010101011111000110100010001101001111100101111011100011010100110101110000001000100110101010010011011010111000110001110
00010000101000101111110111100101101011011100011100101111101110100101100011000001111110011011100001110011011001000011000011001001
00001100101001000111010011010000111011111001001001101100100001001010010000110010000010111111011000010011010000111001111011010011
01000110000110000111110000000001000010011010000000100010111010001010000101001101100101010101111000000101001111010110010000011101
01110100000010111100001011010100101011001110000000111011001110101111111011011101100000111101001111101010000110100110001011001111
01101101100110001110010000001100000011000100101101110010100111100110000111010000000000000011011000001010111000000111001000000010
00010001111010101010101000100000000110011011100111001101000110101010101011111110111111010000000101011100110011000010100111111111
00101110100110100011000000110111011110000001101001011001101110111101001100101010001101000011000000100111001111011101111100000000
11000110110110100010110001010000111001011101110011110110110011101011110000000100010101011110101111000010000011100100101000101000
11100010001101010110111110100011100011001100101111001100011111001001011100101100011010110010110011010111111100011011111111111011
10001011101100010100100001010001001110000110010111111000110101011011110111110010001011101111011010001010100110110011101101101010
10111111011100101100111000100100001001101011000011100010000011101011110010001110011100111001110001110001111110011110110010111101
01111011101100011001101110011010010001010100011101011000010111000111101100110010101111001000010000100101011101111101011000001001
10111011000001000110100101011111111111100100110101101000111010011001001001010100110000101001111011101000101000010110000000110010
11101110011011001101111101011101010100101011110010110001100011001011101101001101101001010000110011100010011011100001000100001000
00110011001001010010110001010011001101110001001100010110001000000110111101100011000000011000000010001100010111000111011011001100
11110111110101000100101001111011010001011001110000000001111001000101011011110100010110011001000000101101011011111000101000100010
01101111111001000101011001011001100001001001101010101001101011100111010110101000000111101111101010001100001111110000101111010110
11110101001101000100100110001101101111010011000011010100110101101111001001110101010011100000101100010101010011111000010001110110
10011001110100000001100110011101000001001111011001110011101101001111111110110111011111111101101101100101011000101010010001010010
01101000101010111011100101000001101001010001110101010010110101010110000011101101100001000111110101011111001011100011100100011100
00001001100101100011010111111100000100010011000010000000100010110100101111111110110100001010000001011000111001010001000110011011
01000111101100110010001111100010111111110111011110001100001111111001111001110011011010000000111100010100101111010111111001001101
11011000101100110010001011001111010101000111110101101110000001110110110100011100000001000101100100010110010000011111010011111010
01011110000000010000011011011011011010000010001110100101011011101001100110111101000000111110100001100101110101001110010100000011
11110001111001111100111010101010010011001001110110101101101000101010100010010110101111010111101001011011101010011111100011101101
01111110110011001010000100110110110110000011101000100000111101100101001000111110111010000001101000001000110101010000010000010111
00110101111110110011000100100110011100101000001011010110000011001001101101100111111110001000111110010110000101110110100010011010
10110001100110110101111001010110110100101101111001110110000101101100111111001000101011000111100101111111110101111101110010100000
01111011110111111010011010110000000000111101000110001010011001010010010000010100100111100001101000000101110001110111110111110110
10101011111011111000111001011010101000000110111111100101001111111001111001100000011010010100010010011001101010110001001010000010
11010000011110110011101100010111001001110011000011010110001011011000011000010001000011000010101100000111110011000011010010100100
01010000101000000100010000101101100100101110011010110100111111011000011000010000110000100101011010101110100001101010110010100101
11100000100110000111111110100010101001011000000000111000100010110010011100110100100101000000110001000100010111011111111000001000
10101110111010111100110001110100110101010101100000100010111001110011100010011100011011010100101010101001110110100100000110100100
00000101101111001111010000100010100000000000110000010001100101110111100010110010110011011110000110110010111001011010000101101001
10110010100110000100100111111000110001000110010100010100100000110011101110000100100100001010100111000011110011101101110010110100
01100010001010000010010111011101001101010111111010000101100011100001110111001000100111000011000110110111111000110000001011001010
01110000100000001101011001111001010000100001101100011110011000101011110010110101110000010110101101101000101011100111101010110011
01101110100000011101110100000100100110110110110011100111100011001001011011111001000100001011111011110100100000001001100100110011
00011101111011100011010101010110011101110000100001001111000110111010101001110101101101000110101111110011000110110101100001100101
10110000000110000010101100011010110011011101111000011001001000111101001111010011001001001100011100111100110010111000100100010111
00111100100011010111111101001011011110010101011010011000010101001010000000110010001100001000101111101011100011101101100100101111
00001010110101101111100111110110010110011101000001100000011111000011011111010011110100011011111100000101010111111111010101101111
11111110111110000110010000110001100111001001111101000011000000110010001100001010000011100001000000001000100100101011010101100000
01101011010100111001101000100001110110010111101011100001010001001000010100111011000000111110010111001111111111010000110101100101
00000110110101010101001000000010110011011101011001011101010100011101100100100110001011101001000100101110100101111110110100010100
10000100000101010111001110011100010100000110000110010011011100000001100001010011001001011101110100101000001000000000001011011001
11101110111000010011000110110001001100000111010001010101010101001011101000011100101101010000010110111111001111111010010001001001
00010110101010000110110010110001100010000001111110010110010010101110101010100010010000111010000010011000100010110101100101101011
11001111110101010000011001010100000010001110101011010111110110010010010111011010000010111111101110101111101010110111011100111101
00001000001101000110110001110011001110100010000010110111000110000100001111101011100011111100000011101001110000010111110110011101
10010010011001001100100011010101011010111000000100110011111110100111001011001010100011000001101001010101111111001101010000101001
11001110101110100010100010110100101100000111111110011000101100110101111001110110001111101101011011000101010100101111001010011011
00111010101110010101000101011101011110101110010000100010000000100011001111000110111101000000000000111010000101011111100000000011
11111010000100011111111001111110110110001001011010101100110101000100110001110100001111000101111010100010100100110001100111001001
00001111111101110100001001001110010101000101011101100010001011010100011110110010100100011001011001101110000101111111001111011011
11001010101111010000001111110001110101101110111111100110101110000001000011011110000111011101110010100001010011100110000100010001
00110100010100111101001100111000111110100110110011110110001111010010010100011010111001011000101100100101101000011011001000101001
00010010000111011100101001110101011000100001111111111011111101100101111110100000001111000111000001110111000111111011110110101010
10001000111111100000011111111010000011011001011101100111000010111110101011100011110111010110001111000010100101100000100010000111
00011000111001111000011111110100100110001000000111100101110111100001011100100100001010010101111000000111010101010010101011010010
10101100111110010101000100100101011000010001010000110110101011110010010110011001010000111001110110000001010010110101111000000110
01011111000010000100010000101111101010111100001010110011000001011000000010101011111000101111001101100000000011011110100111010110
00010100111010000110100101011111011101100110100101000111110100100000110000011100100001011100011001101011111001111001011011110010
01100110100001101100001011011100001000000100111101110111101101111011100100100101100101011011100101111101001001000101101000111100
10001101110101100111010101011001110111101111010000101000111110001001000100110000010001101010100110110011001010011110100111101001
10100010101100011001101011010111001100011000000010000110100101010100110000111111111100000010001000111010001111001111011011111111
10010111110111011011001101001011010011001111011011010000111000011110011100100000110101001000011110011001100110011100111110010000
11100100111000011110011101001101010100100111001001011011110001011001011110110110100000011111110010111011011110110001100001011100
00100111100110100010000010010011100110110111101100100010001101011110110011111000011110010100011000111100101001100101010011110010
10110010111101110110100110101000100110001010000100111000101001000001111001100001101010110101000000100011111100111101110101101100
01001101110011011000001110000101100000010101001101101000100000100011101011110001010001010010100010000110010011010110001000010110
00101011001010011100000011100001010000111010010111010100111001110111111100010000010000001000011110101011101111101010000100001101
11101111100100001110110000100101100010111101111001001110010000011101100000100110000010000100000110011001010111101111111001010101
00011001001000101000110000011111111010110001000101011011111110110110110100101000000011111000010000010000100000000100111110010100
10101101001010010001011001011111100001001101111010111010101101100100100010100111000001000001000010001100110110010111101111101001
01000101001101001101100101100001000110101001000011111000111001110110100011011100010001111001001111100011001001001011110000101000
10001101110011000001110011011001011110101100100110100100011010010101000000101101011001010110000000001100110101000011011010000101
11010011110100010110000101011111000011000111011100011101101011101101010001001001010100000101000111000010010001001000001011010110
11000101100011001011101001001000010100001111111100100110110011001011100011001011010111010101011100000101001010111010111000001100
11010111111110101011010001000001010101101100100101010110111011100001110010110010000110000011010011010110010101101111001011011011
00011101000110010001001000100110000100011000011010001000011000110101000111111001010000100011000000000101000100111101011101000110
10010100010101011111110010011001000110011101111111000010001010000011101011001001110011111000001100010001011000100010100000011101
11110111100001100010010000010011001000000101100111011100000000011110101011000101101100100001010010011100111111000011111101101100
01011101100110110011111001001100010111100100000000100110100111011010000110100110011011111111111100111101010111010011101010001011
11111100011101111101011000100101100101100101000101011101001110100000011101111111110010001010100011101001011011100010100101001000
00110110010110100001011100001101110001000110111011110100001101000000011110011000000101110011001111011101000101011111110111010011
10001010111001111010101111010001111101001001101010011000011000111100001011100110101111111111010000101110101110000001001011100101
00010100010011101101010110111110000110010110001011100010000111100110010010001110100010111100100110010111000001011110010011000000
11011100110111101110110000100110010011001011100101100110101111011110110010001001110101111111110001100000010010111010110000100000
10110010101110100110000100010101101110110011110010101011100001100001000000000011110101011000110110110110111001110111010011011000
00000011111011001111110011110001000000100000101101100001010011110010101001000111100110101101001000000101110110101000101011010100
00001100000011100111010001011010110010100011110000010100000010111000111101011000110100101111000011011011010111110110011011100011
00000101000011010100100110001001001011010000110011100010100000101110010111110111011101011001111011101010100001001011101000100001
11011101101100100010100101000101010110010100101101001100100000101111110110101110010000100111101111111000110000011000010100101011
01010111100000100010111110000111000000011101101000011101011100011101011100000101110010111111100010011101011011100111101100010111
10100001001101100100010100111001110011001110000011010111100101100101101111100010010100000001010100101100011010001110101110100011
00110000010000110011001001110010101101001100111100111001111110010000111101110100110011010001100101011011000000111101101110100100
01101001101011110000110101100010110111101110101101100111110111011010101001000100110001110100100000110010000001001111011100110000
01000111001000010000111101110110000010010010110011011111010101110000111010001011100000001010100100000001010011110100111011001101
00111111101101101110100100000111101011101010100111100010110101110111100011111011000101101101011111000001001010011101101011011111
11101010100101000110000110011001011110111001100100011001100011110101111100100011001001111001101010100101111010010110100100010000
11101001110101000000101010011011011101110011001010101111001010101111010110100011000110111101000100010101000111110001000010001011
00010010110011101110111100000001111011100010001011010011101101010010010110100001110110010110000000111011101001110101000000100000
10011001011100110100110100110101011011011101101011000010000110100001101111011000110101101010010011101000100000000100101100001110
01111001101001010101111110001100110010000100110001011100101101110100100001000110001101011001001011011100000010100000101110010011
11101010100100100010100110001110010010101001100001101010100011011000110110001111010010101011110001110101001000000110010110110111
11100101110010010011100000001101010110010100110101010010101110100101011100111000001100100001010000010001000010011110110010101000
00111111101001001010101011011110000111010100011101000010011011100010111100111011111000010010010000111100111101110111000111110100
11010101111101000001010110011111100100011111011001110010101110000010001011011001011011011011110010100010100010010011111001000101
00111100011111111000111010111011000110100100111011111001111001100111101011001110011010100001111100010010111101100001111100011000
00111101010011010010100000100110110110001101000111000011011101101001101100011110010001101110100100011011101100011010001101010001
01110101000110011011000100100100001011000101101111001100111001101101111001101100010011111100101010111111011110000110101010111011
01011100001000001100001010100101111111100000000100101001001000011000111001101000110100111111010111000100001011101100010011110000
11100101111001100010001101011100101010011100000100011111111110001011100100001100110110001100110001100010010011001101100100000100
11010111100010111000011110101010010101101100111101101101110000001111110001111000001010000001101100011110111010100010011010110110
00110010000111000101001111101110000000010000111101000110010000101000110000000011001010001101000110100000011111010000010111111010
00001101110010101011110000001101010010101101101101011110000101101111010110001110011011001100101000101000000010000000001011010110
10100111101001111001111010101111011101000110111111010110101010111010000101110111101001001111100011010000111100111010110010111010
00001011011001010111010110011110110010001100100110101001001100011111000010001110010000010100001000110111100100010111111100100001
01010100100001011000111010100110101011100101000100011101101101111111110010001100000000010011110111001001111111111001110001010111
11100001101111011100011101010111111000100000110011110101110111100010000001111001101111111100010001101110110100000011011100111111
10111111000000111011011100001101011001010011110110011110011100100011111010010111110010101011001000110011101110100101001110101101
10101011111011010011000100000111001000001010001101110100011010010100101100010011100001010110111001001111100100101001011010001110
00000000001101100010000101000001010010011001011100100001100100010100101101101010010011100011010001111110000100110111100101101011
00001110001000111110110110011110100101101000111000100010111111110011110001001001100111010111010111101111000011100000010011001101
01101101101110100111110001011001011010001000011010001110010001100010110111000101001111011101111000010001100110101011001111001111
01101100101101000011011010100110011100000110100110100110111010010010101101011110111111011111101000110101010110111111010111111010
00001110000100111001010010111101000110100101001110100111001001000110000111100101010010011010100000010011011111100011010110100000
00110101100110011111101111111001100011011101100001001001001010110000101000101001101010111110110100101010011101011100011001101010
00001100100100011101011101100111000011001101000001111001111100110101000111110010101011101111101000100000011001111110110101110100
00000111010101011001000001110111110101110101110110100001111000001000000011000001000010101010010101100011111010101010110100011110
11000001101010001000101101101110111101101001010111110100011100110011100000010110110110001111000011100101001010100011011010010001
01101100100001011001110000001011111100011010101001111100111101110000111011000001111111111100010011100010010011101101001000010001
00110101011100010001110010010010000100011011001010101111101010011101111100101111001111101000000111001000000001000101001100000011
00110010000001100110010010101000001101101100100111101010000010111001111101110000001100110101101111000000111000010011001110100111
00000001110110111001100001101001100010011001100011000110101100111111001111100101000101111011000110111000110010000011110101101100
00111101111011001100001111000101010011000010001000011101011011000100101010011011000011101001110111001100101000101001100101011110
11110111111110100011111001101000000010110110111001011110110011010110011011010000101110000110111011110110100101000100010110010111
00101111111011111001011110000001111110101101010101111001010110011011011011011000100000001101101100001001010110110011010111101111
01111111101111100110000010001011110010101110100101100110100001010101111001100010101100100001001111010000101010011001000011001101
11011111011001000010010101111001011010111010100011101001010101000111010011001000110010110111010000010001101001110010110011000001
11100000110100100000011001000100111000000111100101110101110101010000101001111101110111000011111000001110011011110000111011100111
00010100111101101001010110100000010101100111011010101001101110110001100100001110100011001100001011100010111011100111001100010010
10100011011001100111001110011111011011100011011100100000001011101010011100001000001100100001101110101011111000010100000100000010
01110110010100110010111011111000100100001101000100011001010101101001011000100100000011000001000101111010111111010110100000000101
11100000011001100011011101001000001011001011001110100001111110101011011011101001000011111111100011000110011101110000000111010001
01000000011101101011101101110000011101011001011100011000000011100001011010001001101000010010001011110100111001111001111101101110
01001001000011001000101110001011101101001000000011101010010011001110011111000110111111101110100010011100001011110011110011000000
11011011100010111011011000111111111001010100100110100110011011101011100000100011110111000010011000111101100101111100111010011100
10010110111001111011010101010100101100111111000001001111100110010111001101000101110110011000111000110111110001110110100010110001
11110100101100001011100100100111011101010110110011110111101110010010000101110111111111001001000011010101110000101100101000011110
01000010110101001100011000110000111100110001000100011010110000110111100011101111011110110010101111010110000101110010010001001101
00110011110000010010100101010001000101001100010000000001001111100000111001010110010010111101001010011011011001011101010010011100
01000000101110101110101001101000001010000111011101111010111101100011100000100100001100100001001100110011010000111000010111101000
01101001010000010100010010101101101110000010010010110001010001010011100111011001011100000100010011101100111111001111111101100111
10011011101010001011101100000101101001011101001000100110100111010110000100110011001001100001001011100011001001001101011101111011
10000111100010100001011100000111010000100000110011101101010100001100000110111011010000100110101101110010110110100000010001011000
10110100111011101110101111111010010101110001000011000111111100011111000110000010101001110110101000011000010101100011111010100010
00010011101010001110111110001011001011101100101011000101000101111100000010110000100100010011010101001001011001110110110100111001
01111111111010100110011011100101101111111101111101100011110100011110000100100011110110010011101010010011100000101100010101011111
10010010000000001010011001111000101001010101011000111001100111011110000010110011010010001110001110100100000110000010101101010010
11101010111000001000010010001010010000101111001001100011011111000100100001001001111101000010110001011011110000100001001011001111
01110111110110001011100011010111000011101111001101110001110100001010110101100101110110010011110001100001001111101011010100100100
11001000101011110110101110111101010111010110101010100011011000110000000101111000011011101010101100100110100010111000000100011101
01101111101100111100010010000010110111101001110000100010110000110000111110110110110011011001100101110110001110001001011110110100
10000101100111100011111110101110100001001011000000110111001010110010000111101101000000110111100100010100010110111001010001000111
11111111000001110000111111100000010001101111010001001101011101111101000000010101101010000011010110001110001011010000010011001101
10101111111101110000101000000000011110010001101000010111100011011101011010111010110000101100111111101011110011101110010010110001
11101111101101100000011111111011111100101101111010000011111000110110110110001110110001110000111001001011101100110001000111101000
00111011001111010100001101010010000101011100011001010100110010010001100010010111110110001011001000111111000011010010110001001100
10001110111111001000010010110001110001100110100111110010010101010111011100010000101101111000100001111011110111011100110000010000
10111001101101100101110100111100110111010000101001000011001101011010100101001001100110000000000010110011001011100010000101000111
01000100011011010010110001111111010110001100110101011000000110000010101010010000010100010101100010010110111100111010101011000101
01010110011000010111011110011111001100000001110010111011100001100000101000100011000101011101011101110100001010101100101100011110
10001001110111110100001001101101110110000001001000001111011100000101101010110011011100001111010110100101100101000011101100001010
11011111110001001110011010100101001100011111101100000001001011001001000011011111100011010111100011010101111011000010000110011011
10010101001100000100001011110110011011110110110110101100110011110111001110001100100010111110001010100010111011011001111010011110
00110101001110110010110111000001110011100001110111001101111010111101000011000111101010111001111000110110110101000011111010100000
10111100101110110101100110101010010011001011010101000110000011000010101101111000001000101011101111010101001011011101100111011100
00011011110000111101001011011010110110111100001100010110011101111110101010100010000111001101011110011011101101010010111000100100
10001011111100111101000110101010000110011110110100100001100001111100111000110011100010001000111011110001110100111111000111000001
01110110100100101010110010101111000010001100000111001110010111011101001000011000000010111101011001100001011110001001101111101001
11010101100100001111100010000010010010100111100010110110101001111011011011011000011011101101110100100000010110100001101001110011
01010011000000011010110111010100000010111001000011000100111111111000110111111001100100101001110100110011110111110100101001101010
00100010000100100001011001101011100100011110100111010100001011100100110000100011010110001111011000001111110001111011111010101010
00011001110110010010011100111100001011100000001100011000101100011000011110010011110001001001101010100111011100100010111100011100
10100010101001100110110100101100011101111011000101010110001100010010000110101101110110000101011110010101101010110011000010111010
01100110000000000000101111101100000110101000110111001111011111011110010010110101110111001010000000001001110011101111100000011110
00110110010110001010111001011111100111000100011010000111011100000000011111100011110010011000000001110001101011010010111101101001
10001101111010010011011110110110010100001110010101101001111101000001111001001110011001001000111001111111011111010100111001001110
01110111001100111011001011101111111010100110100011110001011011011110100111100001001010100100101000110000100101110000110010000100
10100100011110110010000001000010111111101000111101101010000100011001011101111000110100001000000110100010010110001100010011001001
00001011111000011001011000001011001001011010110011011111101011111000111110110000111100000111110101111010100000110001101001010111
10011010011011111101111110110110101001100010111100110101101000100111010100110111011011101011001110010101111000101010001011010011
01100100100100110101011001000101111101011011010000100001110001110001100010001111111011010100111011101010011011010000011000000011
01011110111111111001000110000001000011110000110110111000110011101111111100011110101010001101100110000000110001011011011101101111
01010000001101101011001011100100001101100010110011001010111001001011011101100001101101111100010000010000101001110100111110101010
01001001001011110010010000000011001100101000000011110001000001001001111100000001110110100000000000011111101000101000111001111001
01101111011101001101000000000100000011000100101011111110010011100000011000100110010011011011011110010110101000011101100011011001
01011011011101111111111101011001010111011010011010011011100101000111011000001101001111010111110111110000100000011100001101001010
01000100001101011101011101111000000100001101001000010011111010000001001111111101000011100100001011010101000100101111101110011100
10001001001110110000000001000110011101110100001111000010101100111110101001101000011010011000101010011100110101100100001010010111
00010001111110101010001011111011000101100001111111010010001011110000111101001010001111111000111100011011110111111000100000101111
11001011110001110100010001011001100011101010110010111100100100011110111011110100000101100000100100010011010011110101100000100011
00110001100111001000001001111100011000111100010101111111010101010111100001000000010011100100101000101111010111110000110011001001
00111010010111000110001111010001101001001001101010101110110111100100010011010101100001111101010110100100110011100101001110100111
11101011000111110000001011000000101011100011110011010010101111101110001110100000100101100001110001101001001110000001011010100110
10011010001001110101001001000011110100100100100111111101010000011101110010001001111110110100100001100011111011101001001010000011
01111011100100011011110000101000111011100011000010001101110101010000011011100011110010001111010000011111110101011111101010010000
01111010111011000101000000111111010110101110000000110001000100100010011010101101010001001101101101000110001101100011010100101011
01101011011111011111010011110101101000010101001011110011010101101100100100100100001100001101010001010101010000101101010111111000
11100001101001000011100000110001011111011000011100011000110001001011001010101001111100011010100001010100110000001100001001111111
01001011111100100010010010100010101000100001101111011001111110110111110101110110001010001111011101010001000000000010001110011000
11111001100001001011001001101010001111000011000011001110110001001101101010001010010110100001010011001011100100011101010011011001
00000011101100010000011100111001010001110010111000011100110100100001101100100001101111100100111100010010111000100000000110101111
00001100011011111101010001111100010000100000101111110000001001001101101011100010011011000001101110001101010010110111110010100011
00000000000000000000000000000000000000000000000000000000000000000000000000000000000000000001001100000001100111100011011011100010
