11001101001110000100001110000101001111010000001001011101000000100110100110010110101000011000010000110101101001111001100011001101
00110111111010100011011100111111001011110001111010000101001001100000111100111001100101011011011011011101010111001110010000100101
01010100110101100011100111100110100110011100000100100010101010110110110000100011100111000001011100010101111110000000110100001001
01101111011000011001011101011111101101000111001010010111111010001010011110111101000101001110111001100101011110011101111011000111
00110110011111011000001000001100110111000001001001010110101100000000000110011111111101011101110101011111100101100000100011001110
11010001110111010011001000100011110100100111000001011101000110011110100011010010001101111010111000001010000111100100111001011101
10000011010001000011100110000110000011110100001001100101011001010100010101011001000111010100101000001001010110001000010110000111
00110011100010101001111010110000111100110001010110011001101001010110011101110010101111010000111101111010110010100101111000010100
00001001001111100100101001001101010001101001101100010110011011000000001110100111011110011000010010101110011010011010110101111001
00011010011101000111011001001101000100101010000010000011111101110000100111000011001100101100111110000011011000001111010101111110
00100100110011011100101000110111010101011010001001000111010101000101000100100010011111001001101001100111100010001100110010110111
11011010101101011010000001011110000101101111110110100111100100011110011110110111110101001011010001101011101110000000101010010011
10001101100110000010110010101110010010011011010000001001111011001111110011110001100000111101011100111010101101001110001100111000
11101101110110010110001110100011000000010001101110010101001011011111101101010011001010000011110011001101111101100010001101000010
10111000001011101011001110011100110101100110000001011001101100001011001111010011110001001111101001010011110000101010000001101110
01101101001101110100001000011001101100100001110001110011101100111010001001110111111000100011011001100111101101111101110110111101
10011001110000110111010111111010011010100101010101101000101100001001101011100011001110010010101110011011011100000110011101011011
11111001000011000100011001001101001110010010011100011001000001001100000101111100110000101100100010001100110101000011101011100110
01011010001011001111110100111101001110011011011001100100011011100100110111101110010100001011011001100011111000110011001010101100
11110110111100000101010101100000101100111111101010010100110100111001100011010011100010101101000011011110011101111011011000001100
11000001011001001011110000011111000100101000000011110010010100000110001010110001101111100011000101110010100101111011001110011000
11101000010111000001110000000001010110010110110011001011011011101001011001000110000101110001111100010100001010110000000000010110
01100100111011100010100011101010001011010001001001010100000011111011000110100010001100111101010001110001100110010000101111110001
01111010101010100000010110001000101001101101000001110010011111100101110011000011001010101010011010101110110000111101110101011001
01010000000001001001001101111101100011000100011000100101000111011111010110101110111110111010111001110010101000111000010100000101
01000001101110011000001010101101101011000000000100011010100000100111000001010001010110110110111011111001011111101110111001001010
11110010010010110111111000111100111010100010010110110111101010011000100110011101100110001001100100100011010011111011011100011111
11000100000000111110101000011010001111010111101101111011101100101011110011000011110010110101011010100110011110111010000101000100
11101100111110101101000111100101011001110001001000100000111110111110110100011100111111011011111111001010100100101011111100100001
01010000101010110110101110000110111010101111001001110110001100011010111100001000001110100000111101010001101001010110111011010110
11001111010011100110000111110011111011011011100000100110010011101101110100010110101111000111011111101110011001111111001010001111
00100101011001011011101000100101010110000011111110100010000001110010011000011001110011101000101100011100110110000111100110001011
00010101110110001000010000000111000100111100101011111001101100001000010111011110011111011110100110000011110110010110111111100101
10010000111100101011100100001011000000101101111110101101101100101110111000001100100010110000100011101100010111001101100111010100
10010000110011111011100010110101011010000011011001100110010111001000110100000110010000010111111110111100111000110001100111001110
00000000110011001001011001011011010101001010001000100010110001001000010010100010011111011001100011110001001010001110100001010111
00001111011101001110000010111010010000011001000001100000111010001100011010000110101101101001000001000001101111101101000111011111
10001111000100001010001010110001001110111101001101111100101000011111010001010010000001001001100110010111000000111110111101110101
11110111110000110101010001100001010011010010111100011010001001011111111010010101100101011010000001111010110101111001001001100100
01000001111100001000010011100010000110100001100100010000001110001111110111101100101000000011111101001001011000101110110010001010
01100110111110100001111100110001100111100011101110001101101111001011011110111010000001001100001100110101011001101100100110110011
00011101111001100100111000010110101101111000100000100011101011001110101100110100110000101110000111111000111110010100001110101111
11100000110110000010111101010110101110101110100100100110000010100011010100101111011100011100000101110011001000000011000101001010
01000011010000010101101111000110100001011011110110111111011110011001101010101010010001111011100011010111010111001010110101100010
10001100111011110111011010110010010110011110101001100101000100001010000100111001010101111111111111011010111100011010110101110011
00111001000101101000111010000111100111011001001100011111011101011110010001001100011000110101110101100111101001010111111010011100
01100110101001011001010010100110110100110100110011101000001011001111100001100111100011011101000011010010101001100100101100111001
01010001100101101100111001100010000000000110111000110101011001111110100100000100110000101010111010000100011101101110111111101010
11010000010001110011010111100110100111100011001110000110101111011101000000001111111110100110100100110100101010101100010010101111
01011011100111100101010011101101111011001011000000101100001010110000100101101011011110111001000111000110001111011111101110101001
01111011111111101111111101110001101110001100000001101101001011010011000110000101000000110101111111110101000101100111100000000111
01101011011000001000001001100000111011000101100111111101011010011001101110000100011000110111110010100100111011001111100000111010
10010101000110100111101100110100101101011101001110110111100100010101101111000001111010010001110100111111111100010111011011110111
10001100100011000101101001001010111010011001100001111110110100111110100000001011101100101111110110010100010000110001100100101101
10111111101100101010100110100001101110110111001000101001110000001101111000101000011101101000111010101001011111001101001111001011
10011111111111010100011111100011101110000011010100101111110101101001101011000111001101111011110101111011010010101000110110011110
10000101101000101111100001110101100001100010110101111101010111010011001011011010000101101000010000111110011001100111010011110100
10000111010011100000011100011100111100110011111111111010101001101100010011000001011010110000000001110110010010110111101111010101
01111111010011110111100111111111001110101111101010001001111010101110101001101011011001000100111000110000001111010000010011101111
11110011010110000010110110000111011110111011000011100101111001101101010011111100110110000001100001110111111101101010000110000010
10101111011110110100101101110100101111110001000011110010011110011100010111101001000100101011111111000000010010110100101011000011
00101101111011000000010010100101000101110110001111100001111101001000001110011110101110110001110010000011000001110011100010110110
11101100101100000110101010000101110101001000100011000011110110101011000100111000110011011011111011010010011110111110110011110110
10110010100101011010100101111101110000111010001001000111010011111110001011100010101011001010001011100011111110001000001101001100
00011111001001100111001001011010110011111001001100011100001000101101110000101101110011001001001011100001000111001101110100011110
01101100001111011111101000100011111100010101011000100110110110101011011000110101000100011001010110000100001101010001011100000000
10100011110110110110101000000101110010100101100101110011011010010110111110111011001101100100001001110111100010100111101110101100
10111110010111011011110000101000011101110111010001101111001001010011011110001011101100011100010111011010010000111001001101111001
00111010000110110001111001110101111110001111110001000010001010011010111101110101111111010011100110100111011110100011110100001001
01111111110010011100011110111010110110001001101000011101010101011000011111101010111100010000001000110010011011000101101001101011
00111000011001011010010101110001100110110110101011011010000111000111101001000001101001111000101100010110010100101110001011000010
11111111000101110001011100100001111011101011110011010001100101111011110101111101011001110111100000111111110111110100010101010100
10010100011011011000000010000001101100010101010100011101100011101011111110000100110100011011101110100101101101100011100110110001
01000011110100101111011101111000110110000011101011001000110000011110011010011100110011010000010101101110100011101010011110011100
10011000111001011001001001101010111111000110001010100000000110000000010001100111000010110111110001010110100001101011101100010111
01001001011110110010011101001111010010101100100000111010100010101111001101100011111000001110010110110011011010100000110010001001
11001011011101001010101010010000000000110111000101000100010001011011011100101100111110101111101101110001111000010011010000000000
00000000100101101000101110010110010110111010010100110100110110100100101101101101100011111010100010110101100111010001100010001000
10010010110011001110001001100010110100111000010101100100101011101110100001111100001001000010011111100000010110111000101100001111
11011111011011001101000101000110101100111010000010011111111110101001000010001001010101011011111110001001001100100000000110001110
00100010100001011000110010110011001100110001100111101111101000000001110100110010101010000001010111100100000010000011111011011010
10010111010011110110010000100010111111100010100111111110011100110111000100011011101001001011000000011000101110110101110100000100
00110011010111011000100001110010110111111000010010110101110100010000110111111100100000011111100001010001001100011000100010001111
01101110000010001010000111011111111101110100110111011101101001000011110110001000010100111100011010110010011100011011110010010110
10000101001100001000010011100111111010100000000100010000001100101000100101101111101111011010000100101000100111010000100001110111
11011101111110010100001111111110000100011001111001100110011101011001001000111100111000011101101101100011111011110010111010111000
00000101100001001011101000110111011100111011011011000010010111010000000110111011011100110110000110001111101100001011110001001101
10100101110000110001100111110001010101100101110111101000100101110000110111000110001110000000111001011110000101010110110011010110
10111010111001011111010001011100001101110111010000010111101011010001101011001000110101010000001001111011011111110100100101110001
10001111001001001100011000101010110001110111101000110100100010000110110000001100010011011111000010110111011110110101101110010001
00011011011100001100110110100110010101111110110100010111110100010010001010100110101110000110111110111101000101101010000010100000
00001000111001101100010000011000110001001101001110100100011100110001001101100100001100000011011110111101111001001011011110110010
10000100000101000011000101100001011010100011100000101110011101001111001011011010110000101110111100000100101110110111101011111001
11001010011011101100110011000110010011101111011000111100011101100100011110111000011010000000001111010001000111000100101001101001
10001101110010111000001101010011010101100011010010101101110101011111000000011010011001110101111111010111010110010101011101010110
11110111000100011001100100001001100011011000101111110111110110100110011010100100010100101110101001010100000000111000010011010100
00100101001010101010010111001100011010001001110000001110001010001101000010110011110010110110111010010000001100111000110011010110
10010111101011010100010001110100100100111100101111000001100111000011100000011001010010100010110100000010101101010010011101110011
00000001010000011011110101110110011110010101110110011100011000101101110001101000001111111011100000011001110011111000100000000100
11011110001100010101010100111010010001001000000110111101000000011001111011111100000001000110000101100100111100101000100000110010
00011100000011101000111101011000111110100100111000110101000011100101100110000101011111100011111110111001100001011100110111010111
11010010110010011100001011111111001110010111001111011001101101111110100111000101111100110001100111111011100110111011011111110101
11001110101010110110001011010110101110110111010101111011001100011110111010101111111111100100010110010111001111001010111001001110
11000111101010100111000010000111101111100101101000100011000111000010011000110101110000111001000101000110011110101111010110100000
10001000101000000111110001111111100001101011110101111001010110100100110110001101110001010000110110011010000000101110110000010011
10000101011110010101010001011100001011011011010110111011010001001100101000010001011101101111011011111101101001111110100001110101
00110110001100010111111100000111111101100001011101110110011100001110101111110100100011001110101101101010111000010001011011001011
00001101110000111010100001011100110111110111110011000010001010010111010011101001111001010010000100011101111010001110110010101111
10011110100000111101011001101110111000010010010100011100011101100110010001011000111001110111001010000010001011010101111010111111
11110011001010111010001011010000100111100110111001000100011101010011011111010001000001111000011110010011001000110100111110110011
11111001100101000001001010010100011010101111001000011110000100000101101001110100110000001001001001001110010011100010010101000010
00010010101101110001101110001000011001111000011011111111001010100100000111011000000111011101100001000001011010101000010000001110
11010010001110000010101010101000000010101011000110010101001100111110010011110010000101010110100000011101000001001001110100010110
00100101001000111110101000000100101110100010111000001100000001000100010000100101110001011100010010010101001110010100100100010111
00110011111111001001011110101101000010100101101110110001100001000100110001101100101000010101001000100110011011111011010110110000
00010001001011001110000010100111101011110110110111001010000111001111101010101011010010001101011010100000101000111101110111100110
01001011011101101100100011100111100101101101111011000001010101010001100000100111100110111110111101001010101011011100100010001101
01000000000110010011001010100011111010111000000011000010110100010001100101011101000000000001010110110000011011101111101001100001
10111010011100101010111100011000100110000111001010001110010010110101111010011111111001001101110110001111010000001000001111010100
01101000111110110110111000001111111100100111110100000110111010010000000010001001010010100110001100101011000000100100011010101101
00100100110011000001000010010010001001000011011011111110100001101011011000100111110010111010000010101001111111011000111010011100
10100010111101111111000001100010010111010000011001010001100010101011000111101111100111101010110010100000111000001011111110110001
00100100011011011011010101000011001010010110001101110001010010001101010101110010001111001110101000000000110000001001101101000011
11011110111110101010101000111111011011000110000100111111011011010111011011011100000110000111101011111010110101001100010111000011
00110111110011000110000001001110100101100001111101111100010111110111011001111110001110111010011010110101010101010111100100000111
11100110001010101110010011000100011000101100011011111110111110001000011100111110000011101001001010011010011100011010001110111100
01110010010111101010001011101001100101111001111011111110000111011011010111101110111100001010000011011100110010010111011110001111
01101000110110100000000101001001000110101010100001011000011100101111110010011101110011101001000010110100001111000101001000010000
10100010101100110010001111001010011110101010010001010101011100110100010110111001010101001100101011101001000000001000100001100010
11100100000101100010111000110011000100000010010000111010100010101000110001000101011011001010110101011110001110000110000101110001
00111110100111101111111100011011100001101111110001000110110010010100010110010111110111101100111100011000110110111010111010011100
11010100010111111101001011110001110100010000011011100111011101111010111111011001011110111001000000101100101000110001101100101011
10100111001010010001011000011011000101001011010010011111011101100111001110010110011011111101101110101010110101010001100101011010
11100100100011101000001111111110000010111111010011111101010011101010101100001100010011000101010000000010101001111001001001100001
10001010110010000000101101001101011011000110000110011000001010101101111000100111010011011011000101010101001010001000011010010110
00010010111100000010100100001000010100010100011001110011000101111001010001001000111110000011010100100111000011100111110000010100
11010011001111111010101010001110011011011001001111101011000111111010011110001001100110110011011010111100000000110101000000001001
01001010001001101000110111001111101010101100010011010001000111111010000000100011011111110010110000011101110111101000011100001000
00000000000000000000000000000000000000000000000000000000000000000000000000000000000000000000000000000000000000000000000000001100
