10010011011100011101000011011111011010011010000001100001000101010010001011000000010000111110010110110100110111111010000111100011
01100000110000001000101001001010110001101001111000010111100111101011001110010110111000000111000001110100001011101011010110011100
01011111110001011011001101100010110011001101010001011010110000100101000000100000111010001101010000101100000110010111011000011111
10111000010001001101111011100001101111101110001110011111100100111000110101111101100101011111001000000011011000010011101100011100
10111010100000010001010101010111000100000100110100100010010100011111011110111100011110110110000100111010101011110001101100000100
11001110010111011011000000001111111010111010001110101001100110101111100001001001010010011000110011110100001001011101000110000000
11100110001101011101111111101101001010010100010110101011001011010111001001010000010001010100011000101101111000100100001001101011
00101010011110111000101110001110101010110010110110011111100101011011100110101110000011010111100010000100000100000000000110110011
11101111110001010001011100110011111100011001100110111110011111011011010101110110111001001010111110100110010011010100111010000100
10001100001011111011111000110110011000100001100110100011110010111110000110100010101111100000101011111100110001111000101001000101
11110010101011101100110011110110010110011011111000111001011000010011101110010110011000111100000100010111100010111111111011011111
01010101011010110101000010000111101000001101000001010010000000111010111110001100001001111010010001101010110000000100010001001111
10001111101011100011101111011100101100001110010001111011110111001100011010000001010100001010010000010001111101000001100101010101
11100000101101100000100000100011000101001011011001111010001100110001010010110100111001111010101101110111010001001010110110010100
00000100010000010100000111010011001111100100001110010010001110100001011001110110111001111111100001110010111111001110110010110011
00010101011101011100010000011110000000111110011011101110010010101101111001111111101110001001110010011010100000101010111100101111
01111100000100000001100111011001011010101000100000111000111101100101011111001001001001110101001010110010000001111100010010111010
10001001110011110010011001100001110011001110101000100011111100100110111000010110100101011101100010110111110000011100001010001001
11110100011100000111000100001000000110110010001001100010010110111110110011010100001100011101000001011110101110110001001111000110
01011000101110111111000011011100011011011001101000011000100111000111010111001001011111100001000010100001010010000010000101000100
00110100000010101011000100101011000111000100000101100010001000011101010100111110100101101101001001011100011111001010011111111111
00100100001100001000101101001111111001000110110011010111001010111000000110011101000110001000111011000101110101100010110011100110
01111101110101100110100100101111010010100001111111011100111000101000000010111111011001000101010101101110110010110111000010101011
10110000000100010100011011001111101001111110110111110100011010011011011111111110110101011111110010101011101111010110000110110100
11001111000000001011001000001101111101001001101110001000001100000000110010001001101000101111000000110101110101010100101110011110
10111111101010001111111000101010000110011110001111111111101000100010101101001011011110110010110100111110011010110001000100010101
10100111100100110101011100001100100101101111110111011011000000100001111000110011100111000111101010110110111001001000110101011100
01101011101000000001011111001101001111110010001011011000111110011011001000100110100010000110110010100111101011111001010100011001
10100100100101110000001000000100110011000111111101100101100010000101011101001100000111011001011010010100001010100000001110100010
11011001001011000111010001001101110110001011101111101001100110001111010001111010001000010100000101101101101011101001010011011100
11011100110101110110100010100100101100011110101000100000111011011100000101110101100000110001100011101101010111011100110001001010
01101111011100110101000100100111101010100110001100001010111101110010010101101101100001111000100000110010101011110000110011111000
10111011110100000101000100110101011111111010001111100100001111111101011100000111011100010100101000000000011000010000111110011111
11100111001011010001110111000101010000101000010111001001000111110011011110011100000100010110111110101110010111011010111000001111
10111000111011000010110100111010111011110011000111110011111110110001001001010011011001101111000010111100000001010010111101011111
00101100101110010110001111000001101010111100011001110001101111010100011010100100000011010001111011101110101011001010001111111100
11111111001101001011011001100101000010110111010011101100101000001111011001011010000100111010011111010101000110111000110010001010
00100000110111110100110010101100111001011001000000100111101110000000111010011010101111100111011000001100001100001010000101000100
00110101001000000110101110100000000101001100100100110110101010111001000101110110111011100000001001000111000001101100101110111100
01101001001111111100000101111101001110011010101001000010000001000101010110111000101100001001100000101110110110010110100001000111
01000000001110010001110011010110001111010001011001011011000010010111100010001110000010101111010111100110000110011100001011000001
00010011101000011100010100011110100001001101111011011000011011001001011111110110010010000011000010101100110111011010100100100111
00101100000010010010011001001111010110011110011000101110001000101011100111111111000100111010111111101000011011101110100110110000
11000100011010100010100101000110111100011011111100010101011011110110100000111010011101111100110100110010100001111101001101101111
11110111110110010001100110000100010100011000000111001110011001000010011010010100011101000001110011010000101110001000110001111110
00000011110000010000000110011101001101101111101010001000110111001111100011000011110110111000101011000001010010101000100111011110
10001010010011001101011100111011111100001101000100010001011110100111111000101011010010000101110010011000011101001111100010000001
00010001010110100110010110001001110000101011110100000000110111101111101011011111100111010101101111011100010000101110110101011110
11100000001001101001111010010111011010101101111111000001100010101001010000010011111100000100001111000111110001110001101001110111
00101110001100011000111001001001001111011111110110001101100010110001011100110110110100001011110000101111001101110110010011110010
00001011110010101111000011101110110001000100011111010000010010001111111111111101000101101100110111110000110110010011001000100000
01000101110000000100111010110110000110100101010001111111001001101111011001011110101010000111101100100001001100001111100100101010
00010001110001011101100000111001001110101000010101111011100011001011000001100111011110000010101110100001001000000110011011101110
10100000001000001111001011001010101000001111110110100100100001110010001110011001010110000100111000101001011111101110110011110111
10100110001001010110110100101110011101001010111101111011111100110111010001001111100011111001111011100010111010001000010101100010
01110110011111100111101111010111010110000110001101110001110011011011110110100000110111101011011110000001011110000001101110100011
01100001010011000101111001001011110101101111110111010001010110100011001010000001110111100111001110010000000011011011010111000011
11111001111001001001010111110110001101100000111010111010010000111100010111100111110001101011101110100110100000100100001101111100
11111011100111000010101101010011000010100001101001000100010100111011010110010010111010111100001100010101100010110111110100101111
01001100100111001110100001100100001001010001000000010010001000001100011001111111000001010010000001001000111000011011101100000011
01110000011011100110000100101110101100111001001001100011111110110100110110101101001100101000111011110001011100111100010011010111
11011111111101010101111100111100101001101010000110010011001110100010100010000011100100000001100101011101101000001100000000100100
11000001001110100010010010110001000111111000100011110011000011011100000111101010010110111110101001101100010001001011010100101001
00101101001111111001110010100100101110000110111100000111010000101001000010011000101101100110000000110010110000100000001100010111
01101000100001001000100000000100010000001010100000100010000110001001010001001101101111010001110111011000100101110010001101100110
10101001101101110011101111010111111110101011011011011111100101101111100011101010100000101010111100100011101101011101100100000110
01110101100000100010001010011110000010101011001010011110010101111011010011001010100010110111111110100110001010001100100011011100
00100111011010110010111101001101001100100001011011000000111000010001110011001110100011100001010011101100011111110111100100111100
01100010011110110110111011000110011100000000111010010100101111011001110100111001010110101111101010000111100111001011000110100111
11101101110100110000010000011100110011011001100010111010001110111100100110001011110101011000000100010000011111011011011000000101
11001110000010000011101111000101100000100011000100010100000110100011111010110010111010010111011101010010010000110010101101101011
10101011100010000111010111011111000100011100100010001111100100011100001101010101100111100110101110001110011111101001100011011111
01111110101000000011100001000101011101011000010011011111111011110111000100001101001011001101010111011110110111111110100000100000
00000000000101000100001100100011100101011111111101000101101111011101011110001010110010100111001000101000011001001001101101000000
10110101100010010011011010100110011011111010000010101101001000000111000111000010110010001010111110111110010001111001010010011110
01101111111101100101011010010001111100110111000110011001111100111010100000011001101100010011101011011010101011011100010111011000
00110101011000110011111000000101111111000101110110011111001100010010001000010001010101111011001000101111010111001100001001000000
00110111000110101011111101000100011001010011111100111111010111001111111111111110011101000010111110101010111101110001000100010110
01000001011101111100011010000101001101011011001011011101110100011001101110000001011101100111100010000000101010000010000011110101
00110100110001110111001100001001111001111111001001000101111001000111100011110010100010101010100100000100110011000100011000110011
10110110010011111010111100011110010100000001001010011110110010011110010001101001100101001100011110111110000010100101000000100000
11110101101101101100010110111001010000110010001111010101011101101000111101001001000111001000111101000110101111101110100011010011
00010100010000001100010111000011100110111101011001000001101100010010110011101110101101011011010110011101010001000000000000110011
11001100010001011101100101000000110011100000001100110110101100011101000101001110101110101101000110011010001100111011011101110101
00010000101001110110110001000100111001010000110011010101010011110100101000111001011011001001000100100110101110111101000110010000
10101110000001101000001001100101010011010100001111100011000101111001010000110110010101110111011010110011000011011010001111000100
10001011001001101000010111100111001001010001001100110101011001110111110110011111001011101111101111011111011001001100100100000011
01000111011000001101010010000000001000100111111100101011101010010011110101000110101101011111111000101101010001110011000011000111
11000110000101111011100000101101011100011101111000010110100001011101110010100111110101000011101011111000010101110011101000101100
00110001101101100001111000101010001111111001000101100001001110000001001101010011000000101000011101111011001110011100101101110000
01101011101111010001101111000101100101100011100111100001110100110100010100001100011011100101101111001111011111001101011000001010
01100000010000111110110001110111010101001010000100100000111011010100100110110110100100011001110010011100011011000111100010100111
00101011111101010111100010000101001110000001001111101001110110001100101111001000100110011100010000011011001100111101100110101000
10001101011101100011011101111111110011011010110010110011010101011011110010110101001111011010110001110011001010011011110111111100
11010001111111111111110111110011000011110000001101100100111011000110100011111110010010000100001000110100101001111000010111101010
01100110000100100010110010000000111100101011000110100101111011100110011101110010010011111011110000100110000100001101000101110110
00101101100100100001010100000001101101110010011010011110110001011010000001110101110000110011110010001100001010001100110110001000
10011000011001110100000101101010111001000000110010100000110111011000110100111001000101011010010001001000000110011001000010001000
11000111000000010010011001110110100001111110011011000111010111011101010111001101100000010101111000011100000111111100011100101010
11011101011001010110110100101101011010110101010100110110101111101000100110010000110110100101100011111000110111001010101100111000
11110101100000101010010110010001100110010011000001101010110011010111000011000111100000011101000111101000101000110011100011000111
01100101110100001010110100011100000101011110110110100111001111011111110010101011001101101010100011011010101111010010111101111000
01100000001011100011011000010111111010001110010101110100001100110000101111101110110000100101100111101110101101100111100101110100
01010110000111111101101011100111101010110000111111001011001001110110111001000000110100101000010001000010001000111011110001010101
00110100000010100111101000110000000111100110000100000110011111001001010100010111101001110001111100011110101001101000010110000011
00100101001001101011101010010101101010101001001000000110000101010101011011011010100000110110100101111000100011101000111000101010
10010011101110010011000110101011000100001100101100111000100101110100111110001001101011101100100110001000111000010101000000111111
01110100000111001101011001011111001000111100001001111101100110101110110011011010011111101010111100101101011100111011100010001100
11001101001111010111110100100010010101001110000100011011011101100110110000101100001111111011001101011001001001000101001010000101
10010101101110001110101111000010001111110000011010111010001001101010010111000011101111100010101010000000111011110101100100111101
00010001001111100101011011011010111001110111111011011111101010100100000011011111000110101010101111101010010000100100101000011101
10100111001100010011010010001011010101101101110011111111111110110100111001100010000111111010100011101011011001001101000100101100
11101110001000101101000000101001010110010101101000011111110010001001000011011100101001101100101010111001001100011110000100000010
00010110011000100010011011010101001100111010100010010110001111111111101010010101011100111101011011011010100001010101001001100010
01101011011111010001011010011010101101000000010111111011100111000101001110100000001000011011011101101000010000000000000111111011
01101010011100101000110010110100000010011111011101010110101001010010100010011000000010101001110110111100100110111100100000000001
10111000011100110011111011111110111111000000101011011100100011101011100101000000110001101111101101111011011010110111001011110100
10100101100110111110001001000011101011110101010011001110111100000110001011000011101010011000100001100111001110000111000110110001
00111010001001100111000101010001001110110011010001110000111001100010010001010100110000100000001100000101100001001100101110111001
01001100011010111101010011011101000000111111101100000100001010011110011100001111100111001001011111000100101000101001101011101000
11000111100110011101000101100000101101010001001011011011111101101111111110000000010011101101010100111100110001111001101000011110
01011111100101001001110100000000110000100011010011010111101110101000011111011011101110010100110100111000001111011111110000011011
11001100001010101010000100100000101100111010000110011001001111001010101011001111100000100001100100000011000100000001101010110100
01100110011010011010100010010010010010011000111100011011001111111101000001001100111111011100011110010000010010000011011001100010
11010110100010110000000111100000000000100101110010001011110010010011000001100011111010001101110000110111100111000110110000110010
01110111000100001010000011010011001100111000111010100011110110010011011111110101110110010100110111111000101011000101110000101001
11000100100110101010111000000100010001101100110111101001110011011100000110101110010000100010000001100101110000101001111111100011
00110110010001111000010000000001010000100101010011001101111110101001011011010101010000101001100101101100100000111100011100001010
10010101000101110100001101001010011111111100100110111001111001111100100110000000111101111010010001010011000000001001110011111100
00000000010111110110110000100000001101111100010001111010000101011001110001100010100011010000100000000101100101011101111001010100
11111011011101101000101101010011101101001011110011110010100000110111111101101101001010010011011001000101110010110101010010101111
10011011111101010011011010110111100111110001000110101001101001010100101011000100011100100111101001000010000111101101101100001110
01100100011110010110110100100101011100000111010110010101010110001011110010100110011111010111100110000001010111100110010101011011
01010001010101100111110110011001001000111110100110100110011100000100100111001111000100010010111011100011111001010000010010110110
11111001100111110100011000001000011001110110010110000100000110011000111010000010110010001101111010000000110101001100000110101100
01000011110010000011111100010010100111100010111100110000111110011110000100001100111000100110001001100100010011111110001000000101
00010110001110110110111101111100001000010001001111000111110011110111011111111011111101011001100100101111100101010011001011110000
11101000111101111100111101111011010110010101010100000011100001101100101110110010111011111001011000001101101101111000101101011101
11101101100001000111101001110101011011100010001010000101010101101000000000000111101101101111000000100101000010111010011000000001
01111010010011110011000100011110000010101110010000111101000011110000000010000010001001111111000111000010110000011100100011101001
11011111110010101110101101110111001000011101111010010001100110110101110011010111010111111011011110101001110011010100001011101100
10011011010000011010010000111111011010100010100111000111111010000011101111000000011100011011010010000011101110111011010100000111
11111110111001011110110011011110100101100000011011010000000011101111101010110001011100001000110100110010110000011101110111100011
10000110110100100001110010011010111111111001111101010010101100010001011001111100110000110000110010100011110111011110010110011101
11111100101100010001011110101010100110111001101000100000001010110000010010000101110101100110011111010111000001111010101011111110
00111000010111101001101001110111110001010101010000111101001000110011001110011001000000110101010000001000111000100110111010110001
00100011000011001100011111000100101110101110110010110001000001001001111000100111101011010001001101110101110011111010101101011111
11100000101000101010010101111010001101001101100101100000010011111100100001001100010101000010000011100000110110101110000111100010
11100011000110100111111101110010011000010010011000011111000111100011101011110011100011100010011011000010111111010010100111110110
11101000101110100100110010100110111110101001001001010101010110111111000101100011011010110000110110011110111001101110010111100001
01101111111110101111100100110100100001000010000011101110110111001110011111101111001010100100010100100111011010110001000100110111
01011111101001011110110000001000011011001000100111001010111001001000011101000110010011111100110101010011001111001001111001110001
01100000100010101001001011101011101010010100111100101010000110001011111100000000010001011111011110101110000111010011101000010001
11110001000011011011010000000011010010110111010011001100100111101001111110111101010011111110111011110011000000010101111111100100
01010011011011000001111110100011000110111000010010100011000100011110010111010110000111100100111011000101100001100110100101100101
01111101010101000111010000110110001100101011011101101101110010101110001010001000001001101111010011111100001101101001011110001010
00111001111100001100101101101001001010100100010010011011100101000011000110011011001110010100010111010111001010100100010111001101
11000101001110100000011011101000111111001110101101010100100011100100101011011111001011001100100111110000111100011000110100101010
10101111110111000010011100011010110000100000100010101010000110100100100000000101110100011111010100100010111100011010100001100010
10111010101000010111010111110111000111101000010110011110110010010010011010010010011000100010001011101001101011110010111000110100
01001010011010111110111011111011100101100001000110010100000010100100011111101010011101011111011000100000110001001110011011011000
01001100100101000101100100111110110111001101001001110000101101010110000011100110001110100110101001110001110010011110011001101111
11110000011100001000011001010101011100001101110000101000001110011000010101111100100001100010101010111011011010100100001011111001
10111101100100111100100010111001001000010111101001100001100001100110101101111110001100011000000010011001100100010000000100001000
10010101001001001100100010010110100000100000100111000111100100000011000011101001100101111110110101000110001110011010100011101011
01011111011011110010111101000101100010010010000010001101100100100110110101111011100010010110111110001100001010100100011010010010
01110101110010011010110110001011001011110110111100001110111000011110101010100100011110100111011100100101000101100001100000100100
10111010100111001010011111011010110100011100010101111011100100111110011001001110101100110101000100111100001010010010111101111110
01011101110101001100000010001000100010110000110010110010010111001110000111111000011100101110010111000111000011011110001100010010
01101100011100010100111111011001010101111111001010110011010101001000111101110000000001100011011101101101100001111100101001010010
11000101000101101000110111110000101100111011001011010101000011001101111001100101100001001111000111001101011100010100010101000011
01100111110100101011000001100110101001111011011011111010011110001001101001111011011101010101010110000100111111110000000000011001
00110011111110111000110100101011110011001001001101010110001101101010010011101010010011101001100011000100111101001111010101101010
00111001000010001100010001001100010110000011111011110110011111100011111111000001001110101110011101101010001011011000011011011111
10110101010001111110011100011000100000100010101000110010011011010101110100011000100011011001110111101100100011100101001110001011
00111001101010101110100101000001010011010000111001101101010100110111000101001101111010001011000111000011000101001011101101100010
11010000111110110101000001010110101100010110001011100110011101111110110100001011100001111111101010011110101111111100011001001100
00011010110001010111001001000000101111100000100110010100111110101000010101111110011000001110110001010000010010000101001110011011
00011100110101111100111000110111000011101000100110011010000101010110101011111001001010110011111010011111110110001000000000111011
11100110010100000000100011110100111010011010000000111011010101110010001101110111110000100011000111111111110010000010111100111101
11110001110100100101101010010101000010010110111000011011101100110111111100110010010011110010110101000101011110000010100001101010
10001111100101000001000100100011011011000001101110111000001100110011100101100000010110000111000111100000101000011110111111110001
00010110101000111100100101001010010100101100101011100101111101001101111110110100110000010011101101100000101010010110110110011100
10001000111001111000101011001001101011011111000001011100010101000011111100110100010100111001111101011101111001110011111001001000
01001100101111111101101011011111010011000010011010000111110110111000000100111010010111101101111001001101110100101000011110111011
10101111011010000110110010100111111000100000010001001001010011110010111110110110110000010000010101101101110111100011100011011000
11000101100010000000010010101000110101110101010010000001001100111110110101001000001000100010100100000011100000010010101000010000
01100111100010001101010000101110101111011010011101100110111101100111100100110011101001010110111101011111001101101010001101100111
01011000010010011001001010100010001111111000001010101001110111111111011110011100011010001010111011111011001101010000100100100101
11100110101101101111010000010111000100111011000011101101001100011011100011000001000001001001010110110111111010101000011001101101
00010001101110010111101011101100011101111010001011000110111010011011000100010011111000111000001111010111000110010111111110100101
10000000001111101101101011000100001100100110101101110100001000110001111100110001101100101101110111110000111010110111111010011011
11101010101101011110011010111111101011111100100011000101110110010001110101000100101111110000010100001001110111000011011000101001
01101001000011000110110001111100101001100111011010011000111100000001010100110100000101110001111011010000100011000110001111001001
01011100111100101011011011101111010100101011000111010011000101000111010111011111101011100011110001100000000100001000011101100011
01101001101010001011100110100100101101000100000110100000011110001100111100101111100011011000000000010100010111101000101111011111
01001101001101100101101100001000000001110011110111011111100100101101111011100101010001000110101100101110101000001001100110111101
00000100010011000111011010101101110001100100000000110110100001100001011101010101000100000100011111111111011000110000000111111000
10101011100001101111000010010111110111100101010011111010101110100100011010011111001101010001110100100100111111010011001000111111
00000000111111010011111000111101101100101000111010100001100111000000111110011101100100011101111010001000000000111000101110110100
00110110011001111000010000000111000101010011101000001001001100100111010000010010101110101000101010100101011110100010100110100001
00111011001100101100100000111110111100010000011011000100000001010000010011000100011001101000111001001101100110010000100001000010
01011011100010011110100100011101101011101001100101011111110101000110010001000101110000100111010010001001111111111010100000000111
11010110111110111000010000001101110100001001111011101001011000100001100110010011000000110010110111101101000101010100101101101001
01100011111010011110000110110011000001000000110001011110011001001111010011101010100001001001101100110000110111001011001000000111
11100101111111111111010011011111110111010101110100001101100100011100001011010000001000001111100111010100010001111110101000111001
11000000011000100100111001100000001100000100101010110010101011001101111011011001111011011101110001001001111010000001000001000011
01001010000000001010011110111100011100100000000100001001000000010000000011001000111000100000010110101000000101010011011101101111
10100010100101100010101000110010011100000100100110011011101100010000110110100111010111100101000100010100001110101011010110010001
11110101011110011100001000010101100100000111101001000011100110010000110001111111000001010101111000110000010011001010001111000111
11100110110000111101001000100010001111000111110101101001110101110001101100011000101001011111011100101010010111100110011000010110
10011000101001001010001111010101100011111000010100011101100110001111011000011111011011000111100101111011011111001010001011011110
11100110001010111000001001101101111100101100011011010011011111001110011001000011000011101010101111100110010110011000101000100010
01101101011100110110000011111011101010111100100001011001100011100110000010111111111001111100011001011000100000011010010100101010
10100110110110101101100010010111000001100111110110001110011101111111001001001011110001110101010001101010100110001100111001010110
11010100100101010101101011000100010110110110111110001011000110100110000001000000100101001011101000101101111000100110011001110110
11101010100100100110100100001101101110010110001101000010001111111001011000001100100000110111100111110110010010101000000111010111
00110100110010101011111001011100000110101001101001111000001000011011100110011110010110011100010111011000011011110000110110010100
01100110111011101101011110111111011111001011101101101000001110101111100100110110110111100111101111011011111101011100001010101101
00110011011011000011001101001100110001111001101011111110011010001000111111001110111111000101001111110001010010000100100110001110
00100110000100011110111011101001100011001101111010000100111100011101000001010111100001110110001011011110111001011000010000110100
10101110011101000000000001011001000100001011100010110001100001000111100111101101000001100010100100011001110010011110000011011000
01100100110010001000001111100111110100011100110111111000010010111110010111110011000101111100110101110110101101010100111111001110
11000110011110001111101010011010110100001110100100010111011010000011100100100110110101111100100111010111111011001000011010111010
01101111000100110101100000111001111101000100001111100011000000100000111111000000011011011001000010110010111010010111010000010110
10110110101111000001100000100110001010101010010110101101010001000001111000101001011111111110111111010000101011111100001000001000
11101000110000101011101000111010101100000110010110100001111011111111001111011110110011001110111010111000100001010011011101000101
01010011101111001010110111101001110000010001010011110001110011011000100101010001011111011010100111101000110010000001011000011011
01101110110101101111010101100010111100101110111100101101010000000011100011001010001011000101000010001001010001101011111100101110
11011000100111101010010011011111101100001110001010101001000111101010101100101000111011011000110000101111101010001010101010110011
00110001100100101010101010100101101010111110101011111000010010011101100101100011100010100001001011101100001011000000000100111111
10000011111010110111110001100001000000110111001000000111011000100010110110011100100100111011001010111001010100011100101110101111
11011110101000100110010110111101001000011100011011010001110010011111010110000000010001000100100110000111010100101011100111010111
00001000000001110011101101100010111010110001011010011011111100111110100011000110100101001110101011010100010111110010100111011010
01101011000101100111011100010111011001101011100100001000111011011100000000011111110010101101111001111000000010100011000100001110
01000111100001011010010001110011111010000100011010101110111111111001101011110111101100110001111011001000001000000011111000101010
11000010100100111100001100011011100110101010111111001111110001101011111111110011011100101010101100001011010000110000011110011111
01111001010000110011101101001000100010010101001011011001000100000000110011110101111011110001010101111011000000001000111101100001
00100011011100000101101000000001010110100001100100000101001111110010000100000110000000101101011110100001100100101010101100001011
00000100111111101100111101000111000110101011110101000100011011011110001100100111010000011100101011100010111100010110110111110100
11101100110110011111010010111111001100011010101110101010010000111100011111010000000011011110000001001000000100000011010101110100
11001000001101110000011110010000001101110001100101010110000110001100100001000001100100011111010001011011101011110011001110011000
10100011011100001111001101110101000110000110111011000110000010111001010100010001100101001111000011100001010011100001111000110101
01101110101000011011111101100000011100111110101011111010000110000001001001010001000001011110111110001100001110111000100001100110
10110011100001110101001100111001011000101100111010010111011000110101101101111010100010111111110011000010010110000111001010001111
00001100010110110000000101010011000001110101101110011001110010001101011010000101001000001001001100101000111010100000000011011001
11100110100100110001001000111110111011011111110000010110111011011101011100101010101010011110000110110010000000111101011000100001
01111101110111110000000001100110110011111111100001110000111010001100001101010000100100101110011100011010111000101000101000111000
11110001111011010001001001101011000010110110001110010011100010000111101101011101110101011011000101001110010011111100000100111001
10110010011001111001101111011011000011000011110101001010101010001011100110111111000100010111011100011101000010110011011011110001
10001100100010001001000101011110011000100111011110101000101101101110101101011100110010100111011001010011010110010000000101001100
00101011010011001111011010010011001010101100101100111111101111001010010111010001101110110010010010010100000010010011011000100000
00101101101011010110110011101100100100001010001111100101110100000000100010001010100011000010011001000010100101011001110111010010
00010100011000011101111000000011100000100001000101010101010001010010110101001001101110110011101011010111110100110001110111001110
01100000100000100100111000011001100000001101011100100101001000101110111000001110001100010010001011011001100110101011001110110111
00101110111011111011101000010111101000110010010101001111101001111011101000001101011110111101101000101010000100010011001000010100
00111100111111011111111111111001000011101101100010101110100110101001010100000011000000010010100100001000101000101001101100011110
10110011101110010101100111000110111111010000000011110111001011010100111001010010011101011001001110111000010111000001011001101110
00101001011001111000000010011011100101001010000111001100001111000110010111000101010101111100000101100111101001100011100101001001
00001010111101101111001100000010000000111011111010111010100100110011000110110100111110101101110011100101000001110111011110000000
11001000000101111110000010110001101010111101111011110100111110000000001011101111100101000101000110110101010101000000000100110001
10101010010000101011101000011100111011111011000011101101000100100000101011010010110101011001011111011111010001010001010110111111
11101010000100110011011010011000001010100101111100010001011011111111101111110111001110100111101100001001001111101100110010101011
10110011100010101010000101101001001100000110110100111111010010100010100001111011001001101111010110010011111000110101110111100011
01100100110000000111001111101110111000000111100000000010010000100010011001111011101101111100011100111001111111111111001001000101
11010110101111110111101000111010110101001101000110001010111110001111010101110100001111000001011100100110010100000111100110101011
01000001001000010001000001001100111000111011111000000001110010111010011000010011110101100101100010010111011001101000001011101000
10000100011100000010110010101110111110110110110100001111100000100101100010000100001010101000110010111011101000011111110000010101
11100101110100001110100111000111101000101010101111110100000100010011101001111000101110110000101001100100111010110101001111001110
11110011110000010111101000101101101000110000101001100110000011000100000110110011100101100111011000100101010101000110011011000111
11010101100110001111111100111100100111100001011110010011010010000110101111101100101001011110110001001101101001100001000011111100
01001001110100010111010101001000000000011000100100010110101100001010111000011100101101100001110101100000010000011100000000000100
00000001101111100101111101000000101001110001100011101101010100110000010110110000110001111010011111110010011000011001010001101110
01110000101000011011111101111001101100111010001110111100110100011110110000111100001101110101101110110011011001000000010100001011
11010111100100100001110110100100000000100101010011010010111001100101001101010110000010000001111001001110110001111111101110100011
10100111000101100000101110100101010111011110011100111010011110001110011000100011000101101000100101100101101011111111000110001111
00001111010000010110101101000010111101000111011000000111100010010110110100001100111000111010101100011001100001101001111100010011
11010000111100001010010010110100001000110100010011110110000111101011111100100111001100011011011001010110100111110100001000110100
10111000000111110111011101111101111111011101101100100101000101110110011001111111110000010101101100101110000011100001110010111110
01011110111000011100010010100111000101011111101100011011010100101110010101100100111010001010101010110000111000101011010101101111
00000000000000000000000000000000000000000000000000000000000000000000000000000000000000000000000000000000000000000000011110010000
