00000000011010011101001001000011111101110101110111000000000110100000001110100111110100010111011111000010001010111001001110101001
00011110110011100001010111100100100000011011101111101010000001000000000110111000011011000111010101011111101111100001000011000000
00011011100000001101011100100100110110110100010100001010101110111100110000000000010101111101101100100100100100000001000100001110
00001001011111011111000111111010000000101110000000110010110111001010111011101110110110010110100011010100100011001010010000101110
11110010011000101000011010100101100110100011011100111001111100100110001100001001000010010110110101011001100011001110010101001110
01101001100111100010100111010000000001001000111011001100001101110000100101101111001011101010100000001110110110111110001011101110
00011011110011010100001011101101011011010111100001010100100101110110111011001001000111110100100000000001110001011010001000001110
11011000000010110111000011011011110010101011010000001010011110100010111101101100100011111011010111100101000011101111100111111110
11100000000110101010101111101110100011111001001100101100001011010010100011100001111100001110110010000010111101110101100011101110
01001010100001011110111100110101111001001001101110010000111100010100000011000001110011000110110010101001101100011100110101010110
00000001011101000110110101010001000000010101101010101100111010010111111111100111101111011011011101100100011010011000111000010011
11000100010011011010100011101111001001101111001111001011100010001001110011010101110011010001111110101010001010110001011110111010
01010100101111010000000000101000011010100011001110000001000110011011111011011001010000111101111100111000111110110010000101110110
01011011101100111101101001110010100010000001100100001111101110000100000000101110110101010101101001001100000001100010110111010001
00001101111101000101011110111101110001101001110010110011000101011001101100001101100100101000111111011000101110001101110001101001
01100101110001010001011100011000001000100101100111110010100101111011100111001011110001011100010101100111010111111011001101111100
11001010110001001100001100110111011110100110011110000000000110000100100110110100110000000010001101100111111101111011011110111001
10000000001000001111100010001111101000100110100111101111100000110001101111101110111101001110010011000001000001001010011101110100
11111010111110000111001110110010111101001100000000110001101110001111111101010010001101110100001111010011101100010010110001010101
00000001101110100100100000110011010000110000110000101010110101110111110000100011110001000110010111111101101110111110001000010011
10010100011101100001110001101011100110001011100101100110010110001011111000100000110010100110101001010011100011000000100000100011
11110101111110110011101100100110101100100110001101111011010110001011101110110010100001111001111010101000000101111001000101100100
11010100101000100111101010001100000111010100100010101101000001000011001010111100111001000101000001110101010001011100000001001000
01000111110010111110011100101011101111110100010010101010000110000000100000010111000010110011111101110111110110111010101001011100
00101010110111011110100000000011110001111110000101100010000110101100111000010000101000001110100000101001111100011010100111111100
11010011111010011101111011000000010010010011111000010100100010101000011100110101100000110100000111110001010011001101100000100101
10100001100001011101001100101000100110000010100011101110000001100100100010110111110111011110101100101011111110000101110011111110
00111011100011100101010111101110100001100101001111001000001000011011111100100010111011011001101010010000000110110110111101000010
01101111101100101000010010111111111111011011110001001011110001110011011100100000111000100101110110000100011010110001010010110000
10100101000110100101001010000100110001100011001000111011111101100100110100001000101110101010001011011000001000011100000100010100
01000011101001101010000100010000010010100110110110001110111110011111110010101001101010001101101010011000000001000100111100000110
10111001001000010000000110000100011010011011100110111001101001101101011111101110111000100010011011111110001010011001110000000101
10110110110110000011101110000010101111111101010010100101111101011110001000101100001100100111011011000100011010101000100100001011
10100010000011001100011110011001111110010011000101000111101110000101101111011010100101100001011011011001110101100010110110100100
01000010001010110111101010110001101001010000010001110101101000010010111101011100111010011011011011001110111011010010100000011100
01010110111101111000110001000111001001101100010110010101111101110110100000001110001011110010111101101101001011010111101000100110
11000101000111001111100000110000110010110110000000101001110000001010010111100000111101000010010010111110001110101010100111111110
00111001010001011011011001101111000100011000101101100001011000001000101100000001010000100100111000110100011101110011111111111001
00111001100101101111101000001110100110111110001100000000010100000010101010100010111111000010010101100100010011100101001110000010
10001110110001000111101011001111010110110111001100111000010110001001001001010000111100010111101110010011011001001111001001110001
11110100100101101110111011100110111001110110010000011110000101011011111100010000011110111100011011000001100001000100100011101011
01101101010101001011011001000111010011111110111111001111111100000000100110001011010101100011010000110011001111100110000011001100
10110001101010000101110011100010101110101000110011000111001010000001001000010111010101111001110101101011010100001011110000110001
10101110100010100101101010100010100110111001001000100110000110000000011011000000010011000011010110011010100110010011011101000000
10110101111011011101111000100110000101001000111100100101101000111110011001101100001001000000111110100111110001111100100000011001
11110100111011010010100111001000111111101001110001110100101110101110101001111001111000111110001101000011011001110001001000010001
11111011000011010100100110100101111111000111110111000100000100000010000110110001110000101001100110100011010011011001110110100011
00001000001010011010101011100000101100011001100011100101001111110001010010011010001110000010011001010000000000111111011101000011
00101000001001101100111001000100001000110100110001001111001001110000000111010110010111001011001000001000111101100011100001111110
10100100100110101100001011110100010001011100000111100110011101000110001101011000101100110011100011110110010011110100100001000011
00111000101001001010001011110010010010000001001001101101100110101000010011110001100110000110111101010011000010110011010000110111
11101110001010010110101011011001011100110001101000011111010101100010101110100100110111101111100001100111011010001000001101111101
11111000100010010010100111001110101111001000001110111000101011100011111010001111011010100111100010001000011111010111110010101101
11110000001100110011001010100101100010100010110101111000011011000000111001101110100000110000111000111101110000110101100010010111
00110101101000010011011110011101100010000101110101100101100001101001000101001011101000110101000011001011010100100000110101100010
11000111100011000011101010011001001100001011100111110111001000100000000101100110010100101010000011110111000011100011101010111100
11000001101000110001010000101010001000100001010011000110010110001111000111010111000100001000111111110011011111100010000000100010
11011110011010111111001111011100111000100010101001001011101111010111010101110100000010001100000110000101101001010001001101011000
10010001000001100011101100101111010110010101110000111111110000111101000000000111010010111001101000101010011111111110110101110110
00111011001000000111010101110110011101010000110110111010010011011111011110101110111111111010011101000001110010000110000010100010
11111101000110010101111110001100001011100011101111101101000111111111100001111110010011000010011011100101100010001111000011010111
00011010100000010011101000100000110010010001110000000110101111001010010000010110101001111100111000000011100000100000000010001000
00111111111001000001100010000010101110001000111000011011100001111111110011001111001011011111100111001101011110101111000111100111
01101010110110101111100000100010110110011001100100110000110010110100010100001110011110000111000111000000001000110010001010111101
11011010111010101010101001111000000111100101010010100110111100011101001000010101110101101001100111000011110110100011001000001100
10011001010110111101001110010111101001111101001100010001001100101011100100100010100100110110011101111111011100001000111000111011
11101110010100000010101111011000011000011100101111111001001000011100111001010001000111111011100101011110000100010111011011111110
00000010101011101101110000000010011010000110011001000000000101111101000011000110010001010010001011001101000111011001010001100001
01010011000001010100011011100001001011001111101100001011001111011111111000101111011111111010101110001100100111001000010100100010
10010100100001001111010110001001011110010011110010100000011110010101011101011100010001110101101011010010010101011000000111101000
01011111011110111011000000010010111010101001101011101101110011111111110100100101010100010011001100110111001001010010010110101100
11000111100111001110110101001100101101101101011010010101100000000000000100111111110111101001101000011100110011111001111010101110
01101010010100001000100111000001000100100101010000111010011000100110101110111011000101010111111011010101011101010000011011100111
11011110110111011000000100010001101000101111010100100100011001101101110011110110011011101010010000100010100100000110111000001001
11111101010101000110001100000101101100111001111101001000001101110011110000001100100000000110010011000101000110011100111000000011
10101000001110101101110000011001001110001101111011001111111100001100111110000110010110000001011000111111110010111100011000100000
10011000010110110011111110001111001110000110010111110100001100100010001000110100111111100001011011100011101111111110111111110010
10110101101110000000111110001011011100111101010010001010101110010001100000011011101100010110110011111011010100000000010110001111
11101110000001011011111100111011110101010000000111010001110010110100111011110011110111000110010101001101100111010001001110110111
00001111110010111111111010010111101101010000011110100110011110111101100010100001011011011001111001011011100101100100110111111010
01111110111000101001111100110101101011101110000010110101101011100111101111000011011010111100110101011000111101111001001001000000
01110101011000111100111101000101001110001000010101100011111011110010000100111100001001110100101110111111110010111010010000110101
11100101110111111001100100001001000001001010101111010000011100010111111011100100111100100101110101011011011000110111101111001100
10010110001010101110111001010011011011010011100011000100011100011000111010001110101100101001100010100000101111100001001101001011
01101000010011000110000100001101101010100010001111110010011110011100000111011101000010010110010010111010010101011111000110001100
10000010011111111111010110011111011000011010000000010100110110101011111011100011110111010000010100010101011111000111101100001111
01000111010010111101101101001010000100000101001100000110111111011110001000100001111100001111010100010010000011101101000000001101
11000000110100101111100110011101111101100010110111000100011000010110000010110110111010000100001100111101101010010010011100010111
10101111110111110111100110111000110111000110001011111011111111000010101010000000011111010111111111001101110001011001100011000101
11100011011010000111101010011000110111000111101011000011110010000111011111110111111111011100101100101101011111110001000110101010
01110011101011100111001010111100001001111011100000111110100010110111000110000110111100100010000100100011111011001010011000111001
10000010101001000110111101000011011100011011000111000010000000011111000010011000010111101110000101100100001010000001011001101010
10011111000101111110100001001010011010000001101111100001100110100100010000010100010101110001110010111111101011100011111100001100
01100000100110111101101100011110111110011111111010010011000101111001101000001101001001010000011111110010101101011000111000111000
11111011000100111101000001101000000111011000011001100110100101101010011011111100000001111010010000111000100111011111111100101011
10100110100110010010100010111001010010101100111011001000011110010101100010100000001011010101100011111100100000111101110100000110
11111110101101011100110101111000110001001010011001111110100110010100110001111100010000101010010101011101100000010110010100001100
01011101000111011110011101100111110100110001011011000101111110011011011100101101000110001101010001110111000011011100100101101110
11000110110100100110000011100010001001000000010111001000001111110011010001000011010101100100001100111010101101001001111010011110
10011100110100001011100111011001111000011010111101100111010110111111111011111011000101000100000110111101000101100001111010111010
00111001001110100010111010010010100111100101101010000110010110100011011110011100010011011101111100111000110111010100110001100000
10011111011011011011010100011000011011111010010100111100001001000000101000010111111000101000001100100000100011101110011011001111
00001101010000101111110101101000011100111111111111001101100001001100000011011010100011000000110111110011101100100001000000100100
10110101110111011010100001110000110100011100100100101010011011101110111101001110110110010000101100000111001001011011001001100010
00001000011100101010101101011100110111111110000011100010101100101100100111010010001101111010101011110001011111101111111000110000
01010101001011100110011101101110110101010000011101001110101011101001111110100000011110001100010111111101100001010010101010101101
11100111001110011010100110001110000110010011100111010110110001010101010111111110110001010101101000111111010010001101011011000101
01010011001111000001111111110001111011010011000100011111111001011010100001011000011000111111111101001001001110011010101111010011
10100111101001010000000000110001011011111011000000010111101000011101100101110000001010000010111010001001110001010011100100010101
00000110101011101000010110000100000111011001100110011111010101100110101100000011010011101010010101100101000001011010000011111111
01001000110010110100010010010111110111101110011100110010110000011101001100000110110011111000000100001011100111000010110001000110
01110101100011111000110100101111000110000110000111101101110100111011011011101100010011111000011111110111100011011000001001011110
00100111110101100111111101110110111100111100010100000101111000100011111000111101100011000001100110110111011111100111011111010110
01011111000101110101100101100110111101010110111111000001111011110110001011011010001011111110011100110000001001100100011010010001
11111011111101001100110011001001001101111010001000100101010001010101101110110111001101101111111101000111110010000010010100101100
10100111101100010011010101010000111011010010110101111011110111001001111011111101110000000101010100000111010110101000100000110010
11001010000110011111011101001100011110100000110001101010000101011110110010111111110111010010110011001011101000101011010101000001
10010100000110011000011110110100001110100000100100011110010100001111111101101101000111111000100010110110101100100100101010001000
01101011111100000111111000110010101000010100110001111101100010010101001101100110011101110010111011010011100111111010101000000010
11011010011100110000110111101011100011011001101100100010101011110111011011101111101001000001111111011010100111010111111010001011
11110100101001000111111010001001010110100111100011011010000101110011000000000000001000000110110111101000101000111101110101101010
10100011000101010010111110100100001011110110001011001001110011110110001110001000011110101111010111111101100011011010110010110101
01100001011001100110110011100000111111010100011100011100010010001110011110001001101110011011011101110000010111001000101100100101
01011000010111000001010110101000101110010101101100001001110100001100100000001101000001000000000101000001110100010101100111010100
00101010010110011010000101010001101011100010111110110000000110111100101010100010011001100000100000100011111011110011010100101001
10101110011001011111100111000111111011101111001001010110111010100101101011111100001110111000100001110011110000010100011111101010
11100100001100010000111100011101111000101001000000111101111000100101110001100101010111011011010011000101110010001110010101100111
00111101001111000111111001101110000011011000100001101000001001000100101111010001100111100111011011000111100100101110101010100001
00011010011001010100110111101100000000110101110100010110010001011110101010100111111110000010001010001101111100000011110011010100
10101011110001001010110100110001011101111000000111100001000011000100101111101101011011010100001001010101010100111010101011100100
00010010001001110100010001101011111010001101010011100100010011000110010011001000111001100001001110110101010100110001011110101010
01111000110011110110010100011101001011000101011000110010011110001010011011010110100000110011101011100011011010111110010010101010
00011011010000001000011111000001110101110011001010001110101010000101110111110110000101110010110110011100010010011001110111111001
10101000010011011010110010010000010100100010101110001011101101011111000001000100100110001100110001001100110011001011011000001001
11101001110011111101100011110101001010010000011100010001110111001010001100001100010101101100100000011100000010110010111010010000
11111001111010000111110000110000101001100000000101110100011001000101010101010001010101101100100000100101010111101000110111000111
11001110011110011011100101111011000011110110111000101000001100011100001101100110101010010010100100100100110110110110001010010100
11000000001110000000100111000101101101001101100001001011100000101111000101111010100111111001100010101011001100001101111011110000
01101111111110001011010001001110111000100110101110100011110101010001110111001000111011100010110010000101010110000101110011110110
01000010100000100001001011110001010001001101110100111110100111111010001110000001001100010101011101000110101110101101010110000000
10110000110101111101010011000100100100000111100000100010111001000101110101100010110111010100101110010110001110011101010101001000
10010110110011110000000011000110010011000010001100000100011101001000001100101011100110010100110101000000110111010011011010111010
11011010000100110101110111100000000110100100101001010001010111010110011001010010111100010001001110101011011111101010001011101001
01110011100101000000110101011011000010111111011010100000110000101101110100101110010111100011101001010001001001001001000001010001
01111001111110001111101010111010111110011001001111001111101011100010101111100000010111011110100000101001000000101100000111001011
00001100010010111001011110001001000001000101111110111010000110110111010010110001010111000001011100011001101101100110000110011111
10111000110101101101001001010101100111111001001011100010010001110001100001000001001111011010101010111111111100001110100011000100
10110111111000010010101010010010101100111111110000011100100111010101110011001110001110100010001101110110011011001000011001101011
10000111101011111010010010100001001001001110000100000100111011001011010010111001000011111010101000010110011110111110111000011010
01101110000101011010100110011011001010000001000011100101111100100011001100110101001000100100011001011001110011111110111110010000
00001101011100111000000010101101011000111001101010110000100111110110111111110000001011001011010100011010101000101101011100111111
10010111101010001101010000110111101101100101011111011100110100001011011111011011011111111011000010000110111101110000110111010010
10110100010010011010100001101101101101100011010101000011101101001111011111001100011011010001110011111011001100001110110100111001
11010001010011001100001100110110011100100010100010011110010010111000111100101011010010111100011000001100110111000101100100110000
00011100100010111111110100101011101010000011001111010110110100000110100101001000110100000010110010010011001101000001001001001111
11000101011011110010010010011000011101001110100010101110011100101110011101111111011110011111100101001001011000101000100110000001
11110101001010011101011010101001100001010101001100111000101110110001110111101010000000100101011001010101011100011011000001100010
01000000110100010100001100011011110100110101101010000001101011100000111000010011101101100000000001000011000001001111101101011010
10111110010111110111100001110011100101111101110111100101101001111101110111101110000000001001001010001100000010001110000011011110
00010001101100101011100010110000001000110111000100110111100110000000010000001110101100110101011000010011010100000010001100011011
00111100010000000010010100110001100111000101000001001101110010001011010000000011111101110111110100111110011101000110011001110010
01111101101101011101011011011111110001111010011001100111100011110100011101111101011001111101101101011111110110100110000001001100
01010100001001000001010110000000100111010100001001110101100000010000101101010001000101000010100101011000111000101011011111000001
11011010110011000011111111011110111011110001010001100111110001100001101000101010110011100111001111111111110010011111101110001000
11111010010001111110110000101110111011010100111011001010100010111111110100111111010110000011000101111000101101000100111100101111
01000001100000110000110110000001011100011100100000100011110110110111100001111110101000011001011001010111001000110000011000100101
11000101010000001010011111100101101111000101110111010001101010100110110011111000010010010100101111101100001100010111011000111110
10010101110011100110001011110001110001001010010001010011111011011101001000101111111111001010111011100110011111110101110111101001
01110001011011001110111010100010010001000101100010010001101001000001111111101100100010101110001011100011000100100101010000011101
10100111000010101010101000000111010001100001000011011001010011000010111111010110011011111100111001101111000001011001001001110000
11111100001100110101000101010100100010001101010011100001011111011110100100011100000000000110100000100111010100010001001111110101
01001000111000011001001001010101111101010100010001111111110100011010100001011010110100000011010101011011110010001110100011010001
00110110001010011000011011000110100011101110100011001111100100100000000100011110110111000001111010101101100100001100101011001011
10000101100010010010111110111111111000100101000010111100010100011001010111011000100001011001101110110110100101000000100111000110
01111011000110100111101001111111110001100110101100110110110101000110100111101100101000110001100001011110010111111000010111001001
11110010010000011001001010001010001011110110011110111110101011111100001011010001101001101001100110000000110011011110100111000101
00111011110111001101001010100011000001010001011101101001010100100000010101011001111100011100011110110110011111010101000101001011
11000010010101101100011001011110010011011000100011000100011111001010111010100110010100101111000111011011111000001111101101111010
10011110011011100001010000001101111111110111110100011101001100100100011011010011011010000101001100110010111110110110110000000011
01011111011001101101111010011011001011111000001100100101000011101110000101000010111100111100010110101111001001111011010110111001
00110100000101010111111011110001000111010111111010100001100010011101100000110001000010110110101001110110001100010010101101000011
00110100011011100110010111010010001011001111011010000111100001010000001100100001001100010110000101111011000000111010000110110100
01111101110011011010010001001011011100101110110010000111011111011011001110110110110000101000010111100110010101110011111010111111
10000000001110010010011000101010001011110101010010010011010001110111011101111100110100000100010111010111001111010110011000101100
01100100111001001011101110000110110010001010011111000110011001010000001110010011000011100000001010011001111100101110010001000010
01110100110001000010010000010011100111101111011000001001111111001101001000000000001101010110111101000100000101001010110110000100
01011100001000111001111100001100110001100000101000101110111100101111010110011010001110011010110101111010111000001010011000011110
11111010110111101011001110110110011011011000101001100001100011001010000000011010000010111100110001111100001000011100100011011100
00011111110100000110000101010010010001001010101100011010110010110001010100101111100110001101010111110001000111010100001110101100
11011010110010110010000111101101000011110101010010100000001101110100110100100111010110101010000101101010100100010010100110001011
00100101000010111110101111100101101011000011000000010001010001000101100010101011001110011011100010011000111110000110110101100010
01100110110100001111001101000001010101000101011000100011001000101011010011100001110011000011101000110001111011110000000101101000
11001011111010100110001100011101101001101111010101110110100010011101001010101001001100001011101110110011110110011111001001001010
10010110001001110011000011010001100000101110010010110110101111111101011100011100000000011000011100000101000101000100110000000101
10110010111111001101100100100010010011101011101100011011000001111101111001110011001010101011100000010101111101111101010111111111
11110010110010111101010001111001101110010100010010010010100011100000100110110011001101101001010110000000001100010110000011100001
10111011110100101010110101000000100111101001010110100101001100000100010000011000100101010011100001100111100011000111101001010010
00101101110000010011111110110000010100000110101001110100001001000100001010111000100111101011111000011111011001011010100010000100
00100001010111010010000001110001110111010011001000010000110111101001111111111001101110100011110100011010100101110101000101001111
10010101110110000011100100101110011000001011000000000101000010011111011110110011000100110000010011111000100110011010000101110110
00100111000010010001011010010100000100011011011010000101011101010110111001100011110010011100101111010111000101011101000110001110
10000010111110110010101011101010111101001110111110101000101111011110011010001000000100010011100111010100101111001010110101011111
10111101000000101000001011100111101101000111111100011100101100010010101110100110010001000001011001101111110111001001111101001110
11011011100011101111101000111111100001100011000101000010101101101110001111100111000000010001111100110010011101000110001001110110
11111101111100000110000111110101001010101011100111101100101101001111010101100111100010010110001000110010110000110010011000111010
00110000100010001110001101100100110100001001100101100000000001110111011010011010000111011011010001000101000100110111010110011001
10001100011101110111111001101110110110111010011100101001010000000100010011100101111010001111000011110010011001011001101100101010
01110110110110111010011001000011011000000011000001001111000111101100000001110100001111101101010101001001001100111110010100011000
00100101100001100000000000101101110000001001010110000100000100101001000111000000001100100100001011111111100110001111010001000001
11101110101011111001011010101100111001110000101111011000100001101100010100000011101110100111111001001000010110010111000000110100
11010010001001110000011000010010101110101000001101010001101010000110000011111110100010100101101101110001111011011100011110000001
01101100011010010011010011011010101100010011110011011111011011101001110100111011001100110100100001101101001010001011010101110100
10110000111000010011011101101110110001000001101111010101110110100101011101001110000011111110001001101100110010010010010011110100
11111110110000101101100111101010100011001100101011111111001101100101100001100001100101100100010110101111111001111100001001000110
11100011011000000001110001101110111011001001001001000011010100001000101111000110111111101011100111000000111001000110110000001010
01110110100110001000011100001011001100001100110010000111000110011101101011101110100011010101000111110111010101101110000111101010
01001001100001100001101101101100000110011011101100101100101100110101001100001011010010111101010100110011110111001001110001001110
01100101010111001111010001110101011011100101011011100101010100010101010010011011010100000010011111000001100110011000011001001111
00101011000111001101000111110111010010110110101011001001110101000101100010001011001111111000011000011010100011101100100010011010
00100111011110011011001001111001100100111110011100100111101101110010111000111101111001110111001110000100110010101011111010011001
01001001010010001101100101110010111001111001100011010010100011110001111101000011101000011000001101101010000001000011100100000000
10011101110100011101111011111001000010101000001111111101010000111100011000110001001101011010010111010000001010000100100111101111
00101011001110001101101111001011001000011001000011111110110010000110000011100001001111100100000100110001110100100111111000101101
00100001110110111000110000010111001101110101000101111000100000001111000101101001000010001011000011001100110110110011100010000011
10011011010110000101011110001010111000010001110100000011100110011010011111011000100100001111101111000101010101011100100101001111
00011000101000101001010111000100011100101111000110100001011011010110101001010011001010101011100101110001001000111011110110001011
01010010010101100111110110010100011000010011000101101001111101001100110100010001001010101011100111111110110000110101010111110100
10001010111111100011100100010101111001101101100010111001110000110110001101010000100111110101001010110001000010100011101000000100
10111110011011111001011000011111000000001010100101011111100001010100101000111110100001100101000000001101001000101101000010010010
00000010001100001101001100101101101100011010001001011100100000010011010111001100111101001001110000010000000101001011001110101010
10001110001110100100010000011101010000101100010111100111111011111010010100000010011011010000001010111100101001111000001111001001
11011100001011111100111110100101010010110100110000100100011011000011001110110101011010101001000000100100001010010111110000011110
11000001101100010110110010011011100010111001111001110110010100000101000100110111110010111001001001001010100010110000111111001100
10101000011001111101001100100111111010110001100010110010000010101000111011010000110100110110010110000100110110101010001100010000
01001001000010000000100000001111101101100001001111100000100011001000010001100000011110101110011111010001110011101111110011100011
01100000110111101010101111100011100000111000001111001010110101101111110111100010101000111110001001001011111110010011010101001011
01000011000001110101000110101010011100101101111011000011001110010011111000000110111010101100111001101011101001111001011101100000
10011000110100001011101000011011000101110100101110111001000001111011011000100110100100000111000110101001101010011110011100001101
00101001000010000100011111010011110000100111010000011010010010110011100100100101101010011011111011110111101011101100001100010101
10010010111010110001000100000000000010100101010000100001100100101100100110110101011100010000110100000101111111000110011111010001
11110111101111000100001101000010110110000011001101010100011111111111010011000011111101001110000011100100010000101111111110110101
00100111001100011100011011000100100101100011010101111111100101101101011101011110011110110001000011011000111111011011110111010111
10111100010000000011010100011001100101111111100010010011110010100011100110111101100010110100010101010111011001110011110101001101
10010011011110101000010000101110111101110101000001101010101111000010100000010100101011011011001000010111111100010010001101101000
00100101101001111110101111010011011010111001111101111111111010001101110010001001110001111100111010001100011101111001101000010110
10011101101010101111011111001101001110010100010111011110001100111100101111101010000010000000010110111101111010110101000001000100
00010111101011000110111011101000001100000010110110110111101010000111101101010101011111110100001000110110111001011101010110111011
10000111010111000011110100011111110100111010001101101000110000001111001110101101110010011001000010111000111101010110100111111111
11010001110000010111011001110101100000001010101101000111101111100010111000100010111000111001000110011011011111000000011111101000
01100100111100001010001110101100101001001001100011000101100101001110110111001011101010011001001110000110100011110000011110110101
10001110100000000101100001100001111010001000001010111000111110111011111110111010010001010110001110001011011111111101011010110101
00010000010101010010111100000010100010010001111011011011011100110010010101001110001100011110100000100111000101011100000110011001
00101110111111000001011011100001010000110111111111001001100011100110001010001101110101100100011011100101101101011100001100111000
10101110100000111010001101110011101010101111101011100100001011011111001101111101001110100000010100110010010000110110001001001010
11100000101000101000101100100111111101111111101011101100110001000110011110001101100101110010100011101001011011010100111111011101
00010010000100001011011001110110011010110011011010010100100100000101000010110010001100001011101011111110011011001100110010110100
11010000100110111110100001000101010001110111100010100000101000110110000110111000111011010001100001111110000111101100011110000011
00100011000011000100101110010111111001001010000111001000010000000010011001100100011100100010011010101111011100110100111111010111
11001111000111011000100100010001101111110001011101001111111000101010010101011010010101010010010000111101110101101010011110110111
11011011000001000000100001001011010110110101000111011000111000100111100001011011100011011100101000101100011000010000100110111111
10010011000010000000101110110001010010011110000100011110111110110011100111100000001100001111111110100001001001011001111111000111
00100110010011000111011010110001100101001011111100100010011010001000001111001110101000010100011001010101011111101000011111000010
00010001110001110100001000111110110010011011000100000101001011010001000010111001100110101111100111010010000101010011111000100111
01110110010110011001101001101001100011101101111110000110100101011000011000101000101000001110000011011000100100101101100011010000
00101011011000101111110100011000111111101011001000011010111010110110010101010110010010000010100000110111000101111110000011111010
00101111010001000011111111101110100011001011111010111111010110111100111010010011011001010110001111100110000110101101110111111010
11111100001110111111100010010110101010010011000100111111101101101010010010101011011000100101001111110110010100001010101011100001
00000111011001011000001010100010000101101000001000001110011110000110110000010010101011110001010110011000111100000010100111010100
01110000001010000110010010101101011110001101100100110011110010000000011011101110001110011111000100001110001100111101101111010011
11101000101010110011100001011110101101111110110010110110100000111010011100011011001000110101100111011110000100111101011010110100
10000010011000011000000000110110000111011110000111110001011100101001111010101011111110011101000111111000001011100101010100100110
01110100000000011110001110110001101000100011110000100101100111000001001100101101000100011000001111010001101110101111111000010000
10001100011011111001000111110110101010100010001001111110110001100001101001010010101010000111111101001010111110000011011110010010
00011010110100011010000111001111000010000001000100111010100101100111110011111101010001101001011000100110111101100011100011100100
10010101110100010000011101100010110000000111011110001110010101011001111111001011100101110000110011111100010100110101110100001110
00011101111100000111010000110100111000100111101010010101101000101000111101101000100101001110011010000101101110011101101110010101
10100100110010111101100101100011011101001100000011111001000011011111010100110110101111011110001111100000010011101010010011000110
00011001100110111111111011001101101011111100000001010001001011000001101100111101111101010111010111011101111101010111000011001101
11011101110010101011101100000000111010000010101111011011110001110010100001111000110010010001011001111010000000111011100101010000
00110001110010111000110101001111000001110100000111000110010000111110001111100010100010111011011100110101011111110110010011010101
11001101101101010000010011100001111001100000101101001001000001011000100010010001101101101110111011011011000101011100010000111100
00010110110100000010100100000111011011001010001101110100100100001110010010110011100000011111011011011000001101011101111010101010
01010100011111011000100101010100101000000101100110001000101010101011010111011111001001101110101111100000101001000100101110101111
01011000000100000000010110111100001110010001001011001100110101001010011110010111101111000110111001100001110101011000010011000111
11101010010111111001110000011010001101000111101100011010011010011110001011111100001111011011000001001110001101111011110010100110
11100101101100011101001101110010010000000010011111100101011010011011011101111101101010011000100111010111100001000110110110101111
10100011111000110111010110110001101011100111011001110101101111000100100000100101010111000001000000101101101011011011100001001101
11011110001101100011101111001010100000110111100101101000100000010100010111101010110011001110101100000110010100111100101000101001
01111001100010101111100110001000001011111110111001101011101011010100101011100000110100110000010010011001001001011110100001001010
11011001001100011101011111010111001111000101111000100110000000010011101101010101100000110110100111000110110110111011010110100001
00101001101101111001100011110000010110101000011110000010100000110001111011000110100010010111100100100001110111000111110011110001
11101111001011110100100000001110000010100001111101001011001101001100101010010001010100000001011100000100101100110101101110001101
11101000001000111001000011000011101100100000011000111011000011101001010001111010110101110100101010111110100001011110110001110010
11010101101010000011101100000100000110011111001100010000010110110001011001110100110011000010001001011001101101110000000000100000
11000001000111000100010101101111111111100000010001000010001101010110000100101110000110100100001100001001111010001011000000100001
10001011011101001001101100011110011010010100010001011010001000000101101010111101101001011001111011101011100100000010010000011010
01000111100001010111110001111101000110000011100110100101100100100101100010101110110011010010111101110000100101101010110000001010
10100110000000000000011010100010111101111110001011101011111110000011101000010101000011100100110010101001010000011110100111100101
00001010000101110011011101100001111101011011100100100010101001010011110000010110000000110000000010000110111001101010111000100100
10100111010011001001100000011100100100100010111001001111000011110111100100000101001000101000001111100001100001110101011101110001
10010001111100100001001100000000101100011101001001011000100111010101000110000000110010011110010000110110100101100110111101110110
01110110110001000101001000001000111001000110000101101110100101000100010001000100010100110000101111101110110100000111000011010100
10000110010000011011011100110011011001101000000101010010110010101100101000111010001000000010011010010100010100001011001110010011
01110001101000111100101101100110101010011110110111111000110010000011000100111110000111010011010010010101000010000110111101001100
10100010011001011010111100011000010010010101110011101000111011110001110010001100110001101000000111110100101100011011010110101001
10001001000011011110100011001111100011111011100101100111111000011010100001101001101110000001011111111011110100101110011110010010
10000011001010110001001111101101110101000110001110011010011101111010011111110100101001111011101001110110111101111100110111101110
00110100110101101110000011010001010001011001011011100101011010101110001000100110001101100100000010110000010110101110011001001111
01110011001110101011111000101000001100000000000100110110011011101000100000100010010110101100111000111111000011000010001100000110
10101000001011000010000111000010101100111111101100000010011110110100111010110001011001100101100001101100001111101100001001001100
00000000010011011111000011010000110010100011001001000001011000011010010001000001000111010011101111011011100001011010100101100001
00000011110100110101001010011000010101010101011001000010001001000010100011010101010001010010001101010011100000010001110110100110
11001010101010111011101011011110100001100110001010111011100011100001001010111010101001111111000000011101010001110111000100101110
11110001101010111111110001001011010101100010010101100111010010011101011110001010110000101001101001101111110101001011110110001011
00111101111101101101000000101101000101000001001101110111111000001111101010010110101010001101100011000101001000011000010011010010
01100100101001111111101101000011111001110001000100111000000110001110011101110000001111111111011001101011010111011100011101101101
01101000110001100111011110010010000011111011010010101111111011111100100000000000110011110010100011000111001011100111010110101110
00101100110100000110010011101011010101110100010101000010111000101111101000011110111100110011110111101101110010000111111110011001
01111111110110010000011110111111111101111100111100100001100011001111011011001101000111000100010101011001010110100010010000110100
01110000101100101010000011111101011000010101001000111000011011111101011110011100111011111001111110111010000011001111011010001110
10100101001110000000101010101111011100110100110000101111110011100110001000010110000010010101001110010111101101111010001000100111
10111100101110100001101101011110001110111001001001101111000011011011100000101011011011000110101000100001100111010000101010100011
01110110000010001010111101010110001011011001111001011010111110101100100111110001011000000110000000110111000100001000111101110011
10010000000100011101101101000111010001100000001111110101101110001000000011101011011000111001001111110000101111001101010010100100
00100110101001110100000110011001110010101011111101000001100000011010100100001001011001101111011001001111010101000011011001001111
01001100010000001001101001011011100100010000111001111011000001101110000001010110001100001101010100010011110001011111100110001001
10100001010010100110011011000000100001111110111010111001100001010111100100010011011111111001001100111111111000101101100100001001
00001100000011110001011001101010100011001110101000001111001111011111110011000010100001010100111110010111011010111010110110000001
10101001101111110011111111000100100000111011101010011101101101011001000000001010110110110101100000010101011100110100001000100111
00011110100011010010101101101011010101001101100000110100001110100111101110110100101101010000001110100100100110010011011110110101
11100010010110000110011101000111011100011111001100100011001000110101001011101100110101111000100001001100000001011111101011000110
01001000111101101101110011010010111001100111111011101101010000101100110111110011100010010111011111101110101010111111101100011100
11111100010011011111100001010101000000011100101000101001010011011100110110110000100110010100111011000101011100101001101110011011
11101010111100110001111000111110001000000100100111101110010100111011000001101000100000111111111001111010110101001001111010000110
00101100111001000111101010101010111100001011101110010111111011010111000110110101111100110010110100110010011100011000110101111010
11111010000100100110011000101101011101001110100101000010010101010110111011010011000110000100001000001000010100101111100111001010
10101111011100010010000100101111101010111110011011011011101111110100000100010111110000110111110101001011101110010000110000101111
00001100111111100100101011100010101110001100111101101001101110100010100011100100110011000100000011010111000011111011110010010010
11101000101101001110001011001000011011101111011010010110010101110111010011100010010100110100010111001001010100001100100101110101
10100100111000101011000000101010101101110001011001001010100111100001111000000111001111100011010101000110001101001100100100010011
10101111111000011010001001001001000001010011001111001110101110101011011001011011100111111010111000001000101101011001111000111111
11111101101010010111100110110101001101111000100100000100001000011011011111000100011100111000010011101111111111101010111111100011
10011100111010110011100001101011101011100000110010001001111011011001101101100100010101000100111010111010001010110110011111101011
10110101000011001000100111010111100010111010111000011001101011011001011111100110101011101111001111100100011010100101010000000111
00110000100110011101000001110110000100011111100011110101111101111010101001110110110001001011001100011011111001101001010101101100
10010001011001000101111001101110010000001110010011100101111100111011101101001101100010011100110000111000110111001011101101111011
11110011100011011101110110010110101011010100110101010100001010000110001010001101110000000111101100000100101101001110000101110111
11110011011001111010010111010001110011100011001110110100001001000010001001001111110010111001001010100011111001111010001100001111
11010000000010101011011100011110101011011010101001010011001000011000111001000111110100010011111001000111010001011101111001101110
11101100100010011101101111101111110110100101011101101111000001010111111000010110101011101000100101000000101001010000111010000010
11000000011111011101011111111100110110011001011111100011111100111001111111000110010100010110101101010000100110010101001011110000
01110111010001111110100001001101010011000000011111001000000101000101001100111011110011100010001100011011000010111001000101000100
10010010111011001110001000110110001100001110100110100001000000110110110001101010111100110100101011001101000110001001011000100000
01001010011100011010111111010111000000011000000101011000100001111111001000111110110100000001010110101101110010100000110100000011
01110101100011111011110010001000111101010100001100110011010001001001011000110100001100011100111101101101000001101011101100101001
10110101001000110011110001110111110001111011101111000101101100111110011110100100011100010001110000000000001010110110111111001110
01111000010111111010100011010111100010001110111010001001110010010011100010111000011111000101101110110101001001001011110011010101
00100101101000111111110110000111101101001110101110110100111100100011110111011101001000100011101110000101111010100010100110001010
00100110111000100011101000100111101101011000001011101101001101000011001001010101111010010000010011010111101111111001111100000110
11001000000111001100001000100101011111010011110111011010011001111111100010010111001100101000001100101010011111000101000100010111
01100011110010000101111111110101110110011100110001001001111010001101010101101000000111011000111011111011101001101111110000000011
00010000010010000101100011000000001011100110110001010011101101010001100110100111111001100111100101011000011000110100011001001010
10101010101110001010011110110010001110010011000111010010100110110000100110001111001001001110001101010011111100000011110101011000
11001110011100011011011001000110000101111001011111001100111111000011010001101110011011010111001101010110011010000111010101101110
10111000101111111000100011011011110110010001100000101010000011101001011110110101011001010100110001000010000010111000101010110010
01001111110101001010010010000110000001000111100011111101000000000100101110100100101010000100100010000111000010001000111110111110
10110100100010001100000101101100100100111001111101010000010011011110000111101101101100110000010111111100010010101100010000110001
00011100100111001100100001100001010111001000110110000000001111011110101001010100010000111110101111001100101101110010110101000001
01010010000110111001101010111000001011010000000110000101101100011001000111011100000011101001001001001010011010000001101000111100
01100100010011010100101110110000110011110011010100010011000100001000001111101000001111100001000101101010111011101101100111110000
11001110010101111111011010110111011100110010111111010110100010100000101011000111101011011111001011011111011010000100001001010100
01010101000100000100111000001101000001010010100100000000110011110010001101000110000010000100010111100111010101000110110010001000
11111000101111010001101110111100000110000110001100101011110010110101100001001110011101100010011110100011110001100010100111101010
11100111000100110001010010011111010010111000001110110011100010010110011011100000001101011101001000000001000011011001111010111011
01101001111000100010000110100010110110101011001110001011101110011110001011011110111111010100110100001101001001011001110111010000
00100111010101000000010101001110111111101000010001000100110000101111010000010110101010110111011101110111001100001000000000001101
10101000001001111101011110010110001001001011100011011100011111111100100100010001001000111000101011011101110100111001100011010001
01000101100111101100011001000111111001001111111101101001111101011111110111000100110000000001111100101100110001010100101100110011
01110110000111010000010110101010010011110001011001110001101100010101001110101000111011001001100001100000000010000010011110101010
00101100000001011110000011001110111110101101010010011100001110001110100010101000111101010000010000011001001000111001001011001111
01100010011000010010101011101111000100001100000000100111010101001100001111000111011000111001011111111110010100000100101011111110
01000010001110110111100011000111000110111011110001001000110011110000111011011100001010001001101111010100110100100011111000000111
01111110001011000100110100001111000011100110010011100010011111111110101101111001010111010110011011000100101010001110010111111111
00011111110111100111000010110101110110111111001000000010100101110000100111101100110000011011100001000110110010110111111110011111
10100001011010111100111011100110100111001011011101000000110110000110011011010100101101110011101011000101011011111000101101111001
10011010100001101000111011001001111100011100011100111101000101101110011110001100010110000000101101100111011011111100101000010000
00111011001000011001100100100100010011111100100010011110010000100000100011101001110101110001101001001001110110010011000000000000
11101111110110011101010101110110110001101111001100010011010100100010000111000110010010010001001011110000001011100111110010001111
00011001001001000100100100001011011110101101111110111010100011101011010011100000001111010001010011110011111010111111111010101100
00001110100011011000101111000101101110100111011101011011011111111111111100011101011000101100001100111110011010100011010111000100
11101110111001101110111101011000101000010000100101100001011100001001000010110101101000010101110100101000001100010011111010001101
00100000100001001100011001111010110011111111100010101110000101101001100001110011011000010011000010101010010111101001010101100111
01101111100011100100001110111011110100000011101111000110110001001101110011111101001111010001011110010111000101001100111101100000
11101111010111110000100011100001100000001111001011100110010000100101010010110110010100010000101101111011000111001110101001101000
10000101110001011101001110011001111011011100100010110011011010101010011000101111101101101001001100111110111010100100110101111001
10011110111011010111000010100111111010100010111110001100100101010100111111100011111011011110001010101101101111001110100101101011
01101010011111110000100111000101110010111010011011011101101001101011010101000010100111001100111110111111100000110101110110101000
00000101010110111111111011101101100100011010000111011110001101001100000101011110110000100010110000010110110110110101101100010111
00100001010010100000100010000110101100000100101100011010100001001011101010111101111100110010100111011111100101111000001000111100
01010110000101001001000001000110100111010000011011010010101101011011111111000111001000000001110011101110111111010111001010111101
10011101010000001010010010101011110110100100110101001010111001101010010010111011000010101001111010011100010001111110011001011110
10010010101111111001110011110001100100001011111011101001011001100111010010001001111110011000111000011011111100000100111110000010
01111000110111111110111111010001000100001011110110011011100111100100010100111011100100010100111100010111010001011011111111101111
10101001011000010111001010110110000000010111010011101001100011011100100110001000010001001010011111011000001010100110100111110100
10011001110001110010101100100011011110000110110100110111101110101111010000011111000111011011000010111000101101100100011101101000
10010110001000101100101111011011101001111101110110011011000100100000001001001011101100110011010111110000101110010110001001111000
11011000000011110100111011100010011001100001111111010101101101110011101100100010110010110000101001010011010110001100101001000010
11111111001000001111100011001001111010111110000000010000110011101001101001111001100010010000010001111101011110100101001011111100
01010110001011110011011101111110000011111101011011101011011010100110001110110111100101001110111100110010110110001110000001110100
01100110111010110110001101011001101000001000001110111000011010001011010001001100111111001000111100010010101101100011110110110010
11010100101011010101011110111110110100100001001000111000010010110010010111001000111011111110000000110101100111000000110111001110
10010000111101010001010101011110010100001100100010000000011101000000010011000110110001110010000001110011101110010000110101110101
11010111010110110011100111100011010111010111100100010001010111011010101000110001010101001010100000101111001101000111000110110101
01100100010101101111110000101111100011110110111100100101101101000111101010101001100011111001100000100000010111001100010001010110
00011011000000001000010100101001011101101010010110011001110010001100001011000010000001101110001010011110011100010000010001101011
11110111011010001000101000111010010101010110110001001010011000000101100001111100110011011010100001010010010110100111111101001111
10010101000010101000010000111000001111101101010011001100100000110010110100111111001010110101001100000000111101011100001101101011
11100100011000011010010101000001000111011011010111001011000000101011101000000010100001011101111000100100011110100010100110110101
11010101000000110001110001011111011001111011010101010001111001110000100101011100001110101000000110101011111101001001101111000010
11101000100110010101111011011111011001110101110011110010010011000111010101011111001000101101110011100011111001100011111010010111
01000011000101001110011010011110110111111010100000011011001111100101000001011011110000111100101100010001101011000101000111110100
00110010010100001110011101111100010111011001101001010111100111101100111010111011100010010101100000000010110011001100111011000110
00110110101110100101011100110101001111001010111001011111111111101011011101001011111011010010100011000001000101110010011110110101
11110010010000100010011101011010100101111100010101010000001000011011000101010111100000011000001101100000001001101111010110010100
01110100111110100111101001000111001000101111001100010010001110001101011111000100111110010111110011000000001111111111001110001011
10100100110101011100100111001011001011010000011110011111001001111110100001101110110110110101001110000111000000111010100010000010
01101100011100001111010011101101010010000101100011110111000000111001010100000111110100110111100010110000111111000001001000101000
01110111111111001010000010111100111010010010111100111100000110101010100111010001101001111011000011010111011011100001100111101110
01001000011001000101000001111010101101000111111010011011001101101111001110011000010011000100111101001110011000110001010000011010
11101010011110110001010101001100111011111000000010110001001110001001110010110100110000011100110010000101110111011110000000011010
00101110000101001101111100001101100111100000001001100110101010000001000010110111000101110010101110001100100011011101000110101111
00000011100001111001111010110010111010111100111001111010100101111100101000111001000101000011001011110101101101000101101110010101
01100101011000100100010111010110111111011001011110101100010000001001001010001100010100110000010000101111111001110111011110111111
00001111101011110101011000010110010000000000000100001110111001101101110001100110101000011111010100110111111100110001101000000001
10000000010010110011001000101101000000110111110111011101000111101110101010000010100001101111100101101010010001111110011000001101
10111111101110011011000010000100000110100011010011011100011000100111001001001100110010101010000110001110101100000000101010011100
10010011101111001010110101011001010101010000011110010011101001100101010110000110111101000001100110111011110011000010110001110011
01110011100101000001010100101011010000101010000101000010011010001001000000011101110111100110001011111000001011100111000111011100
11000111010000011000010001100110011101101100100000001110001011010100100111111111001110111100111001011000010001111010111010010011
11001100010111011001110010110100010100110111100010000000001011100010101011110110111010110000110010001011001100100110011011100011
00010011010111011100100011110010010010001011100110111000010110110110011111000101000110010110101100011101000110001010111011000101
00010011111100100011000110011001111101100110100100111110111101011000011110100111110101011110101111011100101001101000001101001110
11011101000011110000001010010000100110111011110101111101010100101001000001010101110100000101111001101111011111100100100111100111
10000011110111010100010100000111101100111001101001101100100000110101011111100100101000111110011101111100110111011100011110110100
00110001100001100101000110101001001000110100011101100101010110011110111011011011101001001100010001001110001100110010100000000111
11000110111100101101011011000101101111110111111110111111100010100010101101101000111011000111101010111110101101011001100011001110
11001011110001010110111110011000100001011000000011100110010000010000001001100111010000100010011101101000010011000111001111000001
01100101000001111010100111110110110000111110110110011101101101011100001001110100110101011010001010101100111001110010010011111110
10111111001010011010001100111011001100111101011000110011111101000101000101100010101010101110000011000101111011001111100010100101
11000011011111111100100101101100110100111001001001001101011010011000100011101111001010011011100010111010111110000010111001000110
00000000000000000000000000000000000000000000000000000000000000000000000000000000000000000001010000011011101001010111110000100011
