0110001011011000
0111100000100000
0101110101100001
0101011101000101
0100011010001001
0001000011111111
0001100101100001
0000101000010100
0001011000010110
0010000001100111
0100000100101100
0100110010000000
0101111001001110
0000110011111110
0010111000010000
0101101100001011
0111011010001000
0101001011100010
0100111011010110
0100110101110001
0111100101011101
0100000000000011
0000010110000111
0111100011000110
0110000010001101
0110010001111101
0110111111100101
1000100110011110
0010000111111111
0110100001011011
0110110111001011
0011111000110011
0000110011100111
0110110100101001
1000101100010110
0010000101011111
0010111011110111
0101111101100110
0111111010010000
0101110011001010
0010000010010010
0010110100000010
0000001111101111
0011100110011010
0110111001001001
0101100100010000
0101010011111011
0001110011101101
0111000110100100
0111110100011010
0000010011001011
0110010100101110
0110010010100101
0111111100100010
0100111001100000
0100111010000101
0101101010100100
0100100101100111
0000110001110110
0010111000011100
1000101001011110
0110111101110100
0101111101111111
0000001110111000
0101000111010100
0111011000001110
0100011001101000
0100000011000100
0010101010100110
0111110001011000
0001011010110111
0100000010011000
1000100111001101
0110010001001001
0000101100001100
0010010010101100
0110100000011001
1000100101110001
0011101101001011
0011100000010010
0110011010010100
0101000110011111
0111011000010001
1000100110010010
0111011111100000
0100011001111000
0010110111100011
0111111001111000
0110011110100110
0100101001000000
0100000100011111
0000001000001000
0001111000101100
0000010011111001
0000011111101011
0000100011001001
0001100010001001
0100010001001100
0101100100001000
0100011010110001
