010000111111101
100001111011011
010100001010100
001100111110001
001101110101011
000001110111010
011010100001010
011000011010001
001110010011010
010100000111111
001001100001011
000101101111000
001010011100000
000100010111000
011011011110010
000010111100111
001101110101110
010101010001000
010111110100010
001010111100011
001000101001111
001001011010010
011111110100001
000101101100100
010011010111011
011011000011001
000101010010100
011011101100011
010010110001110
100010001001101
000000100001000
000110110011100
000010010100010
000110101101010
000110110000000
000010100101001
001001011111101
000111110110001
001111100011010
001010011110000
010010011001011
000001110101001
000110110101111
000000100011011
001001000010100
010100010111010
011000101111111
010101001101001
011100011001101
000100001011001
000111001010010
010110000110000
010010011010101
000101101011110
010110111101111
010001110001111
100001100011111
011100010100011
010001100010011
010011010101000
000010101111100
000100001011010
001011110010101
000001010010100
010111100011111
000110001000100
