0111111101100111
0101010001101100
0111010011111100
0111101001001011
0010010000111000
0010111100100011
0001011001001001
1000100011010000
0001010000010101
0101100011101000
0000011100101011
0010110110100000
0010001111100011
1000011111001001
0001110101001000
0100110000111111
0100110111111011
0101000101010011
0110010100010011
0010110010111101
0100001010100010
0101100110110000
0101001111001001
0000000110110010
0101000100100110
0011010111000100
0101101100111010
0111010100000111
0110111101111011
0111010110100101
0001111011100001
0001110110000000
0001011000111010
0110101000001010
1000001111001110
0100101000101100
0010010101110011
0101110100111101
0010011100011101
0111111110101100
0010011101101111
0000101010110110
0000101000010110
0011001011010010
0001001111010110
0001101100011101
0111011101100001
0000010111011000
0110011001010100
0001001101100111
1000100101001111
0010010001000111
0010110001001111
0101001011101011
0110110101110000
0110100110000001
0011110101101110
0111001100010110
0111111110111011
0010110001011010
0110001111001010
0000101011000110
0100011101101001
1000011100101000
1000010110100110
0001100101100000
0000111001100010
1000100011100111
0101100110101101
0001000111101000
0101111010111000
0110100010100110
0101110011110111
1000000100100101
0100010011001110
0001010100000111
0101001100011101
0001101110001110
0110010001111010
0101001110111110
0110110110010100
0011000100011000
0100100110010001
0010000000100100
0011000101110100
0010001001000001
0100011110100000
0011101011111010
0010111011011010
0110011011000111
0100111110000100
1000001011100011
0000000001101101
0011011000111010
0000101100110011
0101101101111000
0011110001001100
0000111000010010
0110100000010001
1000011101000000
